mean;stdev;acceptation;E(fitness);sigma(fitness);Generation;fitness1;Genes(Scores(0,1),:);fitness50;Genes(Scores(49,1),:);fitness100;Genes(Scores(99,1),:);
0; 0; 0.9; -2623.74; 14475.7; 0; -51.1772; [10, 10, 10, -10, 0, -10, 10, 0, 0, 10, -10, 10, -10, -10, 10, 0, 0, -10, 10, 10, 0, ]; -102.911; [0, -10, 10, -10, -10, -10, 10, 10, 0, -10, 10, 0, -10, -10, -10, -10, 0, -10, 0, 10, 0, ]; -136846; [-10, 0, -10, -10, 0, 10, -10, 10, -10, -10, -10, 10, 10, 0, 0, -10, -10, 0, -10, 0, 10, ];
0; 0; 0.9; -333.956; 879.219; 1; -51.1772; [10, 10, 10, -10, 0, -10, 10, 0, 0, 10, -10, 10, -10, -10, 10, 0, 0, -10, 10, 10, 0, ]; -80.7066; [10, 10, 10, 0, -10, 0, -10, -10, -10, 10, -10, -10, -10, 10, 10, 0, -10, -10, 10, 0, -10, ]; -5091.55; [-10, 10, 0, -10, -10, 0, 0, -10, -10, -10, 0, -10, -10, 10, -10, -10, -10, 0, 0, 10, 0, ];
0; 0; 0.9; -376.536; 1133.76; 2; -55.6082; [0, -10, 10, -10, -10, 10, 10, 10, 10, 10, 0, -10, 10, -10, -10, 0, 0, 0, 10, 10, 0, ]; -74.5193; [-10, 10, 10, 0, -10, 0, 0, 10, 10, 0, -10, -10, -10, 0, 10, 0, -10, 0, 10, 10, -10, ]; -8814.98; [-10, -10, 0, 10, 0, 10, -10, -10, -10, -10, 10, 0, 10, 10, 0, 0, -10, 0, 10, -10, 10, ];
0; 0; 0.9; -737.1; 4165.85; 3; -58.2457; [-10, 0, 0, -10, 0, 0, 10, -10, -10, -10, 10, 0, 0, 10, 0, 0, -10, 0, 10, -10, 10, ]; -73.9512; [-10, 0, 0, 0, 0, 0, -10, 0, -10, -10, -10, 0, 0, 10, 10, -10, -10, -10, 10, -10, 10, ]; -41111.3; [-10, 0, 0, 0, -10, 0, 10, -10, -10, -10, -10, -10, -10, 0, 10, 0, -10, -10, 0, 0, -10, ];
0; 0; 0.9; -1453.94; 9108.66; 4; -58.2457; [-10, 0, 0, -10, 0, 0, 10, -10, -10, -10, 10, 0, 0, 10, 0, 0, -10, 0, 10, -10, 10, ]; -73.9512; [-10, 0, 0, 0, 0, 0, -10, 0, -10, -10, -10, 0, 0, 10, 10, -10, -10, -10, 10, -10, 10, ]; -89609.4; [10, -10, -10, -10, 0, -10, 10, 10, -10, -10, -10, -0, 0, 0, -10, 0, 10, -10, 10, 10, -10, ];
0; 0; 0.9; -414.884; 1146.9; 5; -58.2457; [-10, 0, 0, -10, 0, 0, 10, -10, -10, -10, 10, 0, 0, 10, 0, 0, -10, 0, 10, -10, 10, ]; -73.482; [10, 0, -10, 0, 0, -10, 10, 0, 10, -10, -10, 0, 0, 0, 10, 10, -10, 0, 10, 0, -10, ]; -6145.41; [-10, 0, 0, -10, 0, 0, 10, -10, -10, -10, 10, 0, 0, 10, 0, 0, -10, 0, 10, -10, 10, ];
0; 0; 0.9; -545.777; 2380.41; 6; -57.7468; [10, -10, 0, 10, -10, 10, 10, -10, -10, -10, -10, 0, 0, -10, 10, 0, -10, 0, 10, -10, 0, ]; -72.9649; [10, 0, 0, -10, 0, 0, -10, -10, -10, 10, -10, -10, -10, 10, 0, 0, -10, 0, 10, 0, 10, ]; -21886.6; [0, -10, -10, 10, -10, -10, 10, 10, -10, -10, -10, 0, 0, 10, 10, 10, -10, 0, 0, -10, 0, ];
0; 0; 0.9; -1010.89; 3947.59; 7; -54.3287; [10, 0, 0, 10, 0, 10, -10, -10, -10, -10, -10, 10, 0, -10, 10, -10, 10, -10, -10, -10, 0, ]; -73.2212; [-10, -10, 10, -10, -10, 0, 10, 10, 0, -10, -10, 0, -10, 10, 10, 0, -10, -10, 10, -10, 10, ]; -30242.8; [-10, -10, -10, 0, -10, 10, 10, -10, 10, 0, -10, 0, -10, -10, 10, 0, -10, -10, 0, 10, -10, ];
0; 0; 0.9; -408.877; 1269.87; 8; -54.3287; [10, 0, 0, 10, 0, 10, -10, -10, -10, -10, -10, 10, 0, -10, 10, -10, 10, -10, -10, -10, 0, ]; -73.2206; [-10, 0, 0, 10, 0, 10, 10, -10, -10, -10, -10, 10, 0, 10, 0, -10, 10, -10, 10, -10, 10, ]; -8809.65; [0, -10, 0, -10, 0, 0, -10, 0, -10, 10, -10, 10, -10, 0, 0, 0, 0, 0, -10, -10, 10, ];
0; 0; 0.9; -410.114; 1152.36; 9; -54.3287; [10, 0, 0, 10, 0, 10, -10, -10, -10, -10, -10, 10, 0, -10, 10, -10, 10, -10, -10, -10, 0, ]; -74.2369; [-10, -10, 10, 0, -10, 0, 0, 10, 0, 10, -10, 10, -10, 0, 10, 0, -10, -10, 0, 10, 10, ]; -7378.82; [0, 10, 0, -10, -10, 0, -10, -10, -10, 0, -10, -10, 0, 10, -10, 10, 0, 0, 10, 10, -10, ];
0; 0; 0.9; -304.425; 936.173; 10; -54.3287; [10, 0, 0, 10, 0, 10, -10, -10, -10, -10, -10, 10, 0, -10, 10, -10, 10, -10, -10, -10, 0, ]; -74.763; [0, -10, -10, -10, -10, 10, 10, 10, 10, 0, -10, 0, 0, -10, 10, 10, 0, 0, 0, -10, -10, ]; -7612.79; [10, 0, -10, -10, 0, 0, 10, 0, 10, 10, 10, -10, -10, 10, 10, 0, 0, 0, 0, 10, 10, ];
0; 0; 0.9; -2022.28; 17763.2; 11; -56.6336; [-10, -10, 10, -10, -10, 0, 10, 10, 10, -10, 10, -10, 0, 10, 10, 0, -0, 0, 0, -10, 10, ]; -73.9506; [0, 0, -10, 0, -10, 10, 10, 10, 10, 0, 0, 0, 0, 0, 10, 10, -10, 0, 0, -10, -10, ]; -178633; [-10, 0, -10, 0, -10, -10, 10, 10, -10, -10, 0, 10, 0, -10, 10, -10, -10, 0, 0, -10, -10, ];
0; 0; 0.9; -439.601; 1330.86; 12; -50.5283; [-10, -10, 0, -10, -10, 0, 0, 10, -10, 10, 10, 10, 10, 0, 10, 0, -10, -10, 10, 10, 10, ]; -74.6712; [-10, 0, 0, 0, -10, 0, -10, -10, -10, 10, 10, 10, 0, -10, 10, 0, 10, 0, 0, -10, 10, ]; -8809.85; [-10, 0, 0, -10, -10, 10, 10, 10, -10, -10, 10, -10, 0, 10, -10, 0, -10, 0, 10, -10, 10, ];
0; 0; 0.9; -1758.72; 11048.5; 13; -50.5283; [-10, -10, 0, -10, -10, 0, 0, 10, -10, 10, 10, 10, 10, 0, 10, 0, -10, -10, 10, 10, 10, ]; -74.735; [-10, -10, 10, 0, 0, 0, 10, 10, 0, -10, -10, 10, -10, 0, 0, -10, -10, -10, 0, 10, 10, ]; -103544; [-10, -10, 0, -10, -10, 0, 10, 10, -10, -10, 10, 10, 0, -10, 0, 0, 10, -10, 10, -10, 10, ];
0; 0; 0.9; -462.279; 1352.08; 14; -50.5283; [-10, -10, 0, -10, -10, 0, 0, 10, -10, 10, 10, 10, 10, 0, 10, 0, -10, -10, 10, 10, 10, ]; -73.7689; [10, -10, 10, -10, -10, 0, 10, 10, -10, 10, 10, -10, 10, 0, 10, 0, -10, -10, 0, -10, 10, ]; -7376.96; [-10, -10, 0, 0, 0, 0, 0, 10, -10, 10, -10, 0, -10, 0, 10, 0, -10, -10, 0, -10, 0, ];
0; 0; 0.9; -387.23; 1055.76; 15; -47.7201; [-10, -10, 10, 0, -10, -10, 0, 10, -10, 10, 0, 10, -10, 0, 10, 0, -10, -10, 0, 10, 0, ]; -72.756; [10, 0, 0, 10, 0, 0, 0, -10, -10, 10, -10, 10, 0, -10, 10, 0, -10, -10, 0, -10, -10, ]; -6323.19; [10, 10, 10, 10, 10, 0, 0, 10, 10, 10, 10, -10, 0, 0, 10, 10, -10, -10, -10, 10, 0, ];
0; 0; 0.9; -1896.78; 15576.9; 16; -47.7201; [-10, -10, 10, 0, -10, -10, 0, 10, -10, 10, 0, 10, -10, 0, 10, 0, -10, -10, 0, 10, 0, ]; -73.9853; [-10, 0, -10, 10, -10, 0, -10, 10, -10, -10, -10, 10, 0, 0, -10, 10, 0, 0, -10, 10, 10, ]; -156598; [-10, -10, 0, -10, -10, 0, -10, 10, -10, 10, 10, -10, 10, -10, 10, 0, -10, -10, 0, 10, 10, ];
0; 0; 0.9; -278.346; 714.741; 17; -50.5283; [-10, -10, 0, -10, -10, 0, 0, 10, -10, 10, 10, 10, 10, 0, 10, 0, -10, -10, 10, 10, 10, ]; -72.5581; [-10, 0, 0, -10, -10, -10, -10, 10, -10, -10, 10, -10, 10, 0, 10, -10, -10, 0, 0, 10, 10, ]; -5091.55; [-10, 10, 0, -10, -10, 0, 0, -10, -10, -10, 0, -10, -10, 10, -10, -10, -10, 0, 0, 10, 0, ];
0; 0; 0.9; -223.518; 581.361; 18; -52.01; [-10, -10, -10, 0, -10, 0, 10, 10, -10, -10, 0, 10, 10, 10, 10, 0, -10, -10, 10, 10, 10, ]; -72.1979; [10, 0, 0, 10, -10, -10, 10, 10, -10, -10, 10, 10, 0, 0, 0, -10, -10, 0, -10, -10, 10, ]; -5091.55; [-10, 10, 0, -10, -10, 0, 0, -10, -10, -10, 0, -10, -10, 10, -10, -10, -10, 0, 0, 10, 0, ];
0; 0; 0.9; -223.906; 580.661; 19; -55.1227; [10, 0, 0, 10, 0, -10, -10, 10, -10, -10, 0, 10, 10, 0, 0, -10, 0, 0, -10, -10, 0, ]; -73.0412; [10, -10, 0, -10, 10, 10, 10, 10, -10, -10, 10, 10, 10, 0, -10, 10, 0, 10, 0, 10, 10, ]; -5091.55; [-10, 10, 0, -10, -10, 0, 0, -10, -10, -10, 0, -10, -10, 10, -10, -10, -10, 0, 0, 10, 0, ];
0; 0; 0.9; -325.912; 1022.64; 20; -55.1227; [10, 0, 0, 10, 0, -10, -10, 10, -10, -10, 0, 10, 10, 0, 0, -10, 0, 0, -10, -10, 0, ]; -73.6488; [10, -10, 0, -10, 0, 0, -10, 10, -10, -10, 0, 10, 10, 0, 0, 0, 0, -10, -10, -10, 10, ]; -7378; [-10, -10, 0, -10, 10, 0, -10, 10, -10, -10, 0, 10, 10, 0, -10, 10, 0, 10, 0, -10, 10, ];
0; 0; 0.9; -828.094; 3017.95; 21; -55.6617; [10, -10, 0, 10, -10, 0, 10, 10, -10, -10, 10, 10, 10, 0, -10, -10, 0, 0, 0, -10, 10, ]; -75.3498; [10, -10, 0, 0, -10, -10, 10, 10, -10, -10, 10, -10, 10, 0, 0, 10, -10, -10, 10, 10, 10, ]; -25781.3; [-10, -10, 0, -10, 0, 0, -10, 10, -10, -10, 10, 10, 10, 0, -10, 0, -10, 0, 0, -10, 10, ];
0; 0; 0.9; -435.298; 1463.7; 22; -55.1826; [0, -10, 0, 10, 0, -10, 10, 10, 10, -10, 0, -10, -10, -0, 10, 0, 0, -10, 0, -10, 0, ]; -73.5416; [10, -10, -10, 10, -10, 0, 10, 10, -10, -10, 10, -10, 0, -0, 10, 10, 0, 0, 0, -10, 10, ]; -8800.68; [10, -10, -10, 0, -10, 0, 10, 10, 0, -10, -10, 10, 0, 0, 10, 10, -10, 0, 0, -10, 10, ];
0; 0; 0.9; -348.341; 1241.27; 23; -49.4885; [10, -10, 0, 0, -10, 0, 10, 10, -10, -10, -10, 10, 10, 0, 10, -10, 0, 0, 0, -10, 10, ]; -71.758; [10, -10, 0, 0, -10, 10, 10, 10, -10, -10, 10, -10, 10, 0, 10, 10, 0, -10, 0, 10, 0, ]; -8800.68; [10, -10, -10, 0, -10, 0, 10, 10, 0, -10, -10, 10, 0, 0, 10, 10, -10, 0, 0, -10, 10, ];
0; 0; 0.9; -304.65; 928.782; 24; -49.4885; [10, -10, 0, 0, -10, 0, 10, 10, -10, -10, -10, 10, 10, 0, 10, -10, 0, 0, 0, -10, 10, ]; -74.9407; [10, -10, 0, 0, -10, 10, 10, 10, -10, -10, -10, -10, 10, 0, -10, -10, 0, 0, 0, -10, 0, ]; -7376.78; [10, 0, -10, 0, -10, 0, 10, 10, -10, -10, -10, -10, 0, 0, -10, 10, -10, 0, 0, 10, 10, ];
0; 0; 0.9; -168.837; 264.553; 25; -56.5397; [10, -10, 0, 10, -10, 10, 10, 10, 10, -10, 0, 10, -10, 0, 10, 0, -10, -10, 10, 10, 10, ]; -75.6476; [10, -10, 0, -10, 0, 0, -10, 10, -10, -10, 0, 10, 10, 0, 10, -10, -10, -10, 0, -10, 10, ]; -1689.01; [10, -10, 0, 0, -10, -10, 10, 10, -10, 0, 0, -10, 0, -0, 10, 10, 0, -10, 0, -10, 0, ];
0; 0; 0.9; -252.763; 669.984; 26; -56.5397; [10, -10, 0, 10, -10, 10, 10, 10, 10, -10, 0, 10, -10, 0, 10, 0, -10, -10, 10, 10, 10, ]; -74.252; [-10, -10, 0, 0, 0, -10, 10, 10, -10, -10, 10, 10, 10, 0, 0, -10, -10, -10, -10, -10, 0, ]; -6146.26; [-10, -10, 0, 0, -10, -10, 10, 10, -10, 10, -10, -10, -10, 0, 10, -10, 0, 0, 0, -10, 0, ];
0; 0; 0.9; -1015.89; 4697.85; 27; -52.149; [10, -10, -10, 10, -10, 0, 10, 10, -10, -10, 0, 10, -10, 0, 10, 0, 0, 0, 0, 10, 10, ]; -75.9327; [0, -10, 0, 0, 0, 10, 10, 10, 10, -10, 0, 10, -10, 0, 10, 0, -10, -10, 0, 10, 10, ]; -41112.1; [-10, -10, 0, 0, -10, -10, 10, 10, -10, 10, 0, -10, -10, 0, 10, -10, -10, 0, 10, -10, 0, ];
0; 0; 0.9; -613.673; 4163.33; 28; -57.0425; [10, 0, 0, 10, 10, 10, 10, 10, -10, -10, -10, 10, 10, 0, -10, -10, 0, 10, 0, 10, 10, ]; -72.3767; [10, 0, -10, 10, -10, 0, 10, 10, 0, 0, 0, 10, 10, 0, -10, 0, -10, 0, 0, -10, 10, ]; -41113.2; [10, -10, -10, 0, -10, 0, 10, 10, -10, -10, 0, -10, 0, 0, 10, 0, -10, 0, 0, -10, 10, ];
0; 0; 0.9; -453.352; 1538.04; 29; -57.0425; [10, 0, 0, 10, 10, 10, 10, 10, -10, -10, -10, 10, 10, 0, -10, -10, 0, 10, 0, 10, 10, ]; -73.808; [10, -10, 0, 10, -10, 0, 10, 10, -10, -10, 10, 10, 10, 0, -10, 10, -10, 10, 0, -10, 10, ]; -8810.72; [10, -10, -10, 0, -10, 0, -10, -10, -10, -10, -10, -10, 10, -10, 10, 0, -10, 0, -0, -10, -10, ];
0; 0; 0.9; -399.646; 1297.11; 30; -57.0425; [10, 0, 0, 10, 10, 10, 10, 10, -10, -10, -10, 10, 10, 0, -10, -10, 0, 10, 0, 10, 10, ]; -74.3876; [10, 0, 0, 0, -10, 0, 10, 10, -10, -10, 0, 10, 0, 0, 10, 0, 0, -10, 0, -10, -10, ]; -8810.72; [10, -10, -10, 0, -10, 0, -10, -10, -10, -10, -10, -10, 10, -10, 10, 0, -10, 0, -0, -10, -10, ];
0; 0; 0.9; -334.211; 1264.14; 31; -52.283; [10, -10, 0, 10, -10, 10, 10, 10, -10, -10, -10, 10, 10, 0, 10, 0, -10, 0, 0, -10, 10, ]; -74.0945; [10, 0, 0, 0, -10, 10, -10, 10, -10, -10, -10, 10, 0, 0, 10, -10, 0, -10, 0, -10, -10, ]; -8812.87; [-10, -10, 0, 0, 0, 0, 10, 10, -10, -10, -10, 10, 10, -10, 10, -10, -10, -10, 0, -10, 10, ];
0; 0; 0.9; -307.675; 1235.7; 32; -52.283; [10, -10, 0, 10, -10, 10, 10, 10, -10, -10, -10, 10, 10, 0, 10, 0, -10, 0, 0, -10, 10, ]; -71.8136; [10, -10, 0, 10, 0, -10, -10, 10, 10, -10, 0, 10, 10, 0, 10, 0, 0, -10, 0, -10, 10, ]; -8812.87; [-10, -10, 0, 0, 0, 0, 10, 10, -10, -10, -10, 10, 10, -10, 10, -10, -10, -10, 0, -10, 10, ];
0; 0; 0.9; -250.594; 941.968; 33; -52.283; [10, -10, 0, 10, -10, 10, 10, 10, -10, -10, -10, 10, 10, 0, 10, 0, -10, 0, 0, -10, 10, ]; -73.4512; [10, -10, 0, 10, -10, 10, 10, 10, -10, -10, -10, 10, -10, 0, -10, 10, 0, -10, 0, 10, 10, ]; -8810.72; [10, -10, -10, 0, -10, 0, -10, -10, -10, -10, -10, -10, 10, -10, 10, 0, -10, 0, -0, -10, -10, ];
0; 0; 0.9; -288.19; 946.621; 34; -52.283; [10, -10, 0, 10, -10, 10, 10, 10, -10, -10, -10, 10, 10, 0, 10, 0, -10, 0, 0, -10, 10, ]; -73.4137; [10, 0, -10, 10, 0, 10, 10, 10, 10, -10, -10, 10, -10, 0, 10, 0, -10, -10, 0, -10, 0, ]; -8812.74; [-10, 0, 0, -10, 10, 0, 10, -10, 10, -10, -10, -10, 0, 0, 10, 0, 0, -10, 10, 10, -10, ];
0; 0; 0.9; -502.014; 2067.3; 35; -48.404; [10, -10, 0, 10, -10, 0, 10, 10, -10, -10, 0, 10, 10, 0, -10, 0, -10, 10, 0, -10, 10, ]; -74.5412; [10, -10, -10, 10, -10, 0, 10, 10, -10, -10, 10, 10, 10, -0, 10, -10, -10, 10, 0, -10, 0, ]; -18498; [10, -10, 0, 10, -10, 10, 10, 10, -10, -10, 10, 10, -10, 0, -10, 10, -10, 10, 0, -10, 10, ];
0; 0; 0.9; -336.512; 1840.71; 36; -55.8599; [10, -10, 0, 10, -10, 0, -10, 10, -10, -10, -10, 10, 10, 0, 10, 0, -10, 10, 0, -10, 0, ]; -75.568; [10, 0, 0, 10, -10, 0, -10, 10, -10, -10, 0, 10, 10, 0, -10, 10, 0, 10, -10, -10, 0, ]; -18498; [10, -10, 0, 10, -10, 10, 10, 10, -10, -10, 10, 10, -10, 0, -10, 10, -10, 10, 0, -10, 10, ];
0; 0; 0.9; -248.728; 913.848; 37; -53.1947; [10, 0, 0, 10, 0, 10, 10, 10, 0, -10, -10, 10, 10, 0, -10, 0, -10, 10, 0, 10, 0, ]; -76.5999; [-10, 0, 10, 10, -10, -10, -10, 10, -10, -10, 0, 10, -10, -10, 10, -10, 0, 0, 0, -10, 10, ]; -8797.35; [10, -10, 0, 0, -10, 0, 10, 10, -10, -10, -10, 10, 10, 0, 10, 10, -10, -10, -10, -10, 10, ];
0; 0; 0.9; -242.171; 898.14; 38; -57.9538; [0, 0, -10, 10, -10, 10, 10, 10, -10, -10, -10, 10, 0, -10, -10, -10, 0, -10, 0, -10, 10, ]; -74.01; [10, 0, 0, 10, -10, 0, -10, 10, -10, -10, 10, 10, 10, 0, -10, -10, 0, 0, -10, -10, 10, ]; -8812.46; [0, 0, -10, 0, 0, 0, 10, 0, -10, -10, 0, 0, 0, -10, 10, 10, -10, -10, 0, -10, -10, ];
0; 0; 0.9; -395.88; 1367.7; 39; -57.9538; [0, 0, -10, 10, -10, 10, 10, 10, -10, -10, -10, 10, 0, -10, -10, -10, 0, -10, 0, -10, 10, ]; -73.6554; [10, -10, 0, 10, -10, 10, 10, 10, 0, -10, 10, 10, -10, 0, -10, -10, 0, 10, 0, -10, 10, ]; -8812.46; [0, 0, -10, 0, 0, 0, 10, 0, -10, -10, 0, 0, 0, -10, 10, 10, -10, -10, 0, -10, -10, ];
0; 0; 0.9; -666.634; 4127.98; 40; -58.1715; [10, -10, 0, 10, 0, 10, 10, 10, -10, -10, -10, 10, 10, 0, 10, -10, -10, 10, 0, -10, 0, ]; -72.4411; [0, 0, 0, 10, -10, -10, -10, 10, -10, -10, 10, 10, 10, -10, 10, -10, -10, 0, 0, -10, 10, ]; -41116.6; [10, -10, 0, 10, -10, 0, 10, 10, -10, -10, -10, 10, 10, -10, 0, -10, 0, 0, 0, -10, 10, ];
0; 0; 0.9; -1033.1; 4727.67; 41; -53.8773; [10, -10, 0, 10, -10, 10, 10, 10, -10, -10, 10, 10, 10, 0, 10, -10, -10, 10, 0, -10, 10, ]; -74.7121; [10, -10, 10, 10, 10, -10, 10, 10, -10, -10, 10, 10, -10, 0, -10, 10, 0, -10, -10, -10, 0, ]; -35344.4; [10, -10, 0, 10, -10, 0, 10, 10, -10, -10, -10, 10, 0, -0, 10, 10, -10, 10, 0, -10, 0, ];
0; 0; 0.9; -535.545; 3119.55; 42; -53.8773; [10, -10, 0, 10, -10, 10, 10, 10, -10, -10, 10, 10, 10, 0, 10, -10, -10, 10, 0, -10, 10, ]; -75.0798; [10, 0, -10, 10, -10, 0, -10, 0, -10, 0, 0, 0, 0, -0, 10, 10, -10, 0, 0, -10, -10, ]; -30240.1; [-10, -10, 0, -10, -10, 0, -10, -10, -10, -10, -10, -10, 10, -10, 10, 0, -10, -10, 10, -10, -10, ];
0; 0; 0.9; -885.538; 4081.37; 43; -56.8453; [10, -10, 0, 10, -10, 0, 10, 10, -10, -10, -10, 10, 10, 0, 10, 0, -10, 10, 0, -10, 0, ]; -73.9154; [10, -10, 0, 10, -10, 10, 10, 10, -10, 0, -10, 10, 0, 0, 10, -10, 0, 10, 0, -10, 10, ]; -30240.1; [-10, -10, 0, -10, -10, 0, -10, -10, -10, -10, -10, -10, 10, -10, 10, 0, -10, -10, 10, -10, -10, ];
0; 0; 0.9; -1835.42; 15584.6; 44; -56.8453; [10, -10, 0, 10, -10, 0, 10, 10, -10, -10, -10, 10, 10, 0, 10, 0, -10, 10, 0, -10, 0, ]; -75.0798; [10, 0, -10, 10, -10, 0, -10, 0, -10, 0, 0, 0, 0, -0, 10, 10, -10, 0, 0, -10, -10, ]; -156575; [10, -10, -10, -10, 0, -10, -10, -10, -10, -10, 10, 10, 0, -10, -10, 0, -10, 0, 0, 10, -10, ];
0; 0; 0.9; -334.286; 1239.16; 45; -55.5939; [-10, 0, 0, 10, 0, -10, -10, 10, -10, -10, 10, 10, 10, 0, 0, -10, 0, 10, 0, 10, 0, ]; -75.4315; [10, -10, -10, -10, 0, 0, -10, -10, 0, -10, 10, 10, 0, -10, -10, 0, -10, 0, 10, 10, -10, ]; -8811.11; [10, 10, -10, 10, -10, -10, -10, 0, -10, -10, -10, 10, 0, -0, 0, 0, -10, 0, 0, -10, 10, ];
0; 0; 0.9; -2097.08; 17784.8; 46; -45.2522; [10, 0, -10, 10, -10, 10, 10, 10, -10, 0, 10, 10, -10, -10, 10, 0, 0, 0, -10, -10, 0, ]; -75.7627; [10, 0, 0, -10, 10, -10, -10, 10, -10, -10, 10, 10, 0, 0, 10, 10, -10, 0, 0, -10, 10, ]; -178633; [10, -10, -10, -10, 0, -10, -10, -10, -10, -10, -10, 10, 10, -10, 0, 0, -10, 0, 0, 10, 10, ];
0; 0; 0.9; -463.343; 2650.3; 47; -45.2522; [10, 0, -10, 10, -10, 10, 10, 10, -10, 0, 10, 10, -10, -10, 10, 0, 0, 0, -10, -10, 0, ]; -75.5906; [10, 0, 0, 10, 0, 10, -10, 10, -10, -10, -10, 10, -10, 0, 10, 0, 0, 10, 0, -10, 10, ]; -25784.3; [10, -10, -10, -10, -10, 10, 10, 10, -10, -10, 10, 10, 10, 0, -10, 10, -10, 0, 0, 10, -10, ];
0; 0; 0.9; -521.647; 2639.84; 48; -45.2522; [10, 0, -10, 10, -10, 10, 10, 10, -10, 0, 10, 10, -10, -10, 10, 0, 0, 0, -10, -10, 0, ]; -77.8229; [10, -10, 0, -10, 0, 0, -10, 10, -10, -10, 10, 10, 10, 0, 10, 0, -10, 0, 0, 10, 10, ]; -25784.3; [10, -10, -10, -10, -10, 10, 10, 10, -10, -10, 10, 10, 10, 0, -10, 10, -10, 0, 0, 10, -10, ];
0; 0; 0.9; -868.889; 3809.8; 49; -45.2522; [10, 0, -10, 10, -10, 10, 10, 10, -10, 0, 10, 10, -10, -10, 10, 0, 0, 0, -10, -10, 0, ]; -75.189; [-10, -10, 0, 10, 10, 0, 10, 0, -10, -10, 10, 10, 10, 0, -10, 10, -10, 10, 0, 10, 10, ]; -25784.3; [10, -10, -10, -10, -10, 10, 10, 10, -10, -10, 10, 10, 10, 0, -10, 10, -10, 0, 0, 10, -10, ];
0; 0; 0.9; -910.936; 4088.25; 50; -54.8021; [10, -10, 10, 10, -10, 0, 10, 10, -10, -10, 10, 10, 0, 0, 10, 10, -10, 0, -10, -10, 0, ]; -74.7715; [10, -10, 0, 0, -10, 0, 10, 0, -10, 0, 0, 10, 10, -10, 10, 10, -10, 0, 0, -10, 10, ]; -30240.4; [-10, 0, -10, -10, 10, -10, 10, 10, -10, -10, 10, 10, 0, -10, -10, 10, 0, 10, 0, -10, 10, ];
0; 0; 0.9; -441.936; 2627.03; 51; -54.1765; [10, -10, 0, 10, 0, 0, 10, -10, -10, -10, 10, 10, 10, 0, 10, 0, 0, 0, 0, -10, 10, ]; -74.4555; [0, 0, -10, 0, -10, 10, 10, 0, 0, -10, 0, 10, 0, -10, 10, -10, 0, 0, 0, -10, -10, ]; -25784.3; [10, -10, -10, -10, -10, 10, 10, 10, -10, -10, 10, 10, 10, 0, -10, 10, -10, 0, 0, 10, -10, ];
0; 0; 0.9; -786.136; 3321.99; 52; -49.5276; [10, 0, -10, 0, 0, 0, 10, -10, 0, -10, 0, 10, 10, 0, 10, 10, 0, 0, 0, -10, -10, ]; -73.7609; [-10, -10, 0, -10, 10, 10, 10, 10, -10, 0, 0, 10, 10, 0, 0, 0, -10, 0, 0, -10, 10, ]; -25784.3; [10, -10, -10, -10, -10, 10, 10, 10, -10, -10, 10, 10, 10, 0, -10, 10, -10, 0, 0, 10, -10, ];
0; 0; 0.9; -642.035; 3179.46; 53; -49.5276; [10, 0, -10, 0, 0, 0, 10, -10, 0, -10, 0, 10, 10, 0, 10, 10, 0, 0, 0, -10, -10, ]; -74.5642; [10, -10, 0, -10, 0, 10, 10, 10, 0, -10, 10, 10, 0, 0, -10, -10, 0, 10, 0, -10, 10, ]; -25784.3; [10, -10, -10, -10, -10, 10, 10, 10, -10, -10, 10, 10, 10, 0, -10, 10, -10, 0, 0, 10, -10, ];
0; 0; 0.9; -537.596; 2717.63; 54; -49.5276; [10, 0, -10, 0, 0, 0, 10, -10, 0, -10, 0, 10, 10, 0, 10, 10, 0, 0, 0, -10, -10, ]; -74.034; [10, 0, -10, 0, -10, 10, 10, 0, 0, -10, -10, 10, 0, 0, 10, -10, -0, 10, 0, -10, -10, ]; -25784.3; [10, -10, -10, -10, -10, 10, 10, 10, -10, -10, 10, 10, 10, 0, -10, 10, -10, 0, 0, 10, -10, ];
0; 0; 0.9; -628.928; 3598.39; 55; -49.5276; [10, 0, -10, 0, 0, 0, 10, -10, 0, -10, 0, 10, 10, 0, 10, 10, 0, 0, 0, -10, -10, ]; -73.3482; [0, 0, -10, -10, 0, 0, -10, 10, -10, -10, 0, 10, 10, 0, 10, 0, -10, 0, 0, 10, -10, ]; -25784.3; [10, -10, -10, -10, -10, 10, 10, 10, -10, -10, 10, 10, 10, 0, -10, 10, -10, 0, 0, 10, -10, ];
0; 0; 0.9; -493.542; 2627.32; 56; -53.9871; [10, 0, 0, 10, -10, -10, -10, 10, -10, -10, 10, 10, 10, 0, 0, -10, -10, 0, -10, -10, 10, ]; -75.7798; [10, -10, -10, 0, -10, 0, 10, 0, 0, -10, -10, 10, 10, 0, 10, 10, 0, 0, 0, -10, 10, ]; -25784.3; [10, -10, -10, -10, -10, 10, 10, 10, -10, -10, 10, 10, 10, 0, -10, 10, -10, 0, 0, 10, -10, ];
0; 0; 0.9; -744.598; 4317.24; 57; -53.9871; [10, 0, 0, 10, -10, -10, -10, 10, -10, -10, 10, 10, 10, 0, 0, -10, -10, 0, -10, -10, 10, ]; -76.5458; [-10, -10, 0, -10, 0, 10, 10, 10, -10, -10, -10, 10, 0, 0, -10, 0, 0, 10, 10, 10, -10, ]; -35331.1; [10, -10, -10, -10, -10, 0, 10, 10, -10, -10, 10, 10, 10, 0, -10, 10, -10, 0, 0, -10, 10, ];
0; 0; 0.9; -795.359; 4792.49; 58; -53.9871; [10, 0, 0, 10, -10, -10, -10, 10, -10, -10, 10, 10, 10, 0, 0, -10, -10, 0, -10, -10, 10, ]; -73.5648; [10, -10, -10, 10, 0, 0, 10, 10, -10, -10, 10, 0, 10, 0, 10, 0, -10, 0, 0, 10, -10, ]; -41110.5; [-10, 0, 0, -10, -10, 0, 10, 10, -10, -10, 10, 10, 10, 0, -10, -10, 0, 0, 0, -10, -10, ];
0; 0; 0.9; -1090; 5523; 59; -53.1065; [10, -10, -10, 10, -10, 0, 10, 10, -10, -10, 10, 10, 10, 0, -10, -10, -10, 0, 0, -10, 10, ]; -73.3139; [10, -10, -10, 10, -10, 10, 10, 10, -10, -10, 10, -10, 10, 0, 10, 10, 0, 0, 0, -10, 10, ]; -35334.4; [10, -10, 0, 10, -10, 0, 10, 10, -10, -10, -10, 10, 10, 0, -10, -10, 0, 0, 10, -10, 10, ];
0; 0; 0.9; -444.864; 2637.28; 60; -52.2685; [-10, 0, 10, -10, 0, 10, 10, -10, -10, -10, -10, -10, 10, 0, 0, 10, 0, 0, 10, -10, -10, ]; -72.5401; [10, 0, -10, -10, -10, 10, 10, -10, 0, -10, 0, -10, 10, 0, 10, 10, 0, 0, 0, 0, -10, ]; -25784.3; [10, -10, -10, -10, -10, 10, 10, 10, -10, -10, 10, 10, 10, 0, -10, 10, -10, 0, 0, 10, -10, ];
0; 0; 0.9; -304.771; 942.401; 61; -52.2685; [-10, 0, 10, -10, 0, 10, 10, -10, -10, -10, -10, -10, 10, 0, 0, 10, 0, 0, 10, -10, -10, ]; -72.8268; [0, 0, -10, -10, -10, 0, 10, 0, 0, -10, 10, 10, 10, 0, 10, -10, -10, 0, 0, -10, 10, ]; -6145.02; [10, 0, 0, -10, -10, 10, 10, -10, -10, -10, 10, -10, 10, 0, -10, 10, -10, 0, 0, 0, 10, ];
0; 0; 0.9; -439.846; 1692.46; 62; -52.2685; [-10, 0, 10, -10, 0, 10, 10, -10, -10, -10, -10, -10, 10, 0, 0, 10, 0, 0, 10, -10, -10, ]; -72.9156; [10, -10, -10, -10, -10, 0, 10, -10, -10, -10, 10, 10, 10, 0, 10, 10, -10, -10, 0, 10, 10, ]; -13002; [10, 0, 0, -10, 0, -10, 10, -10, -10, -10, 0, 10, 10, 0, 10, -10, -10, 0, 0, 0, 10, ];
0; 0; 0.9; -300.922; 1139.91; 63; -52.9555; [-10, 0, -10, -10, 0, 10, 10, 10, -10, -10, 0, 10, 10, -10, 10, 0, -10, 0, -10, -10, 10, ]; -72.5463; [10, -10, 0, 10, -10, -10, 10, -10, -10, -10, 10, 10, 10, 0, 0, 10, -10, 0, 0, -10, 10, ]; -8811.1; [-10, 0, 10, -10, 0, -10, 10, -10, -10, -10, 10, 10, 10, 0, 0, 10, 0, 0, 10, -10, 10, ];
0; 0; 0.9; -177.723; 322.104; 64; -52.9555; [-10, 0, -10, -10, 0, 10, 10, 10, -10, -10, 0, 10, 10, -10, 10, 0, -10, 0, -10, -10, 10, ]; -72.4951; [-10, 0, 0, 0, -10, 10, 10, -10, -10, -10, -10, 10, 10, 0, 10, 10, 0, 0, -10, -10, 10, ]; -1690.47; [-10, 0, 0, -10, 0, -10, 10, -10, -10, -10, 10, 10, 10, 0, 0, 10, 0, 0, 0, -10, 10, ];
0; 0; 0.9; -199.266; 488.68; 65; -55.6951; [0, 0, -10, -10, 0, 0, 10, 0, 0, -10, 10, 10, 10, -10, 10, 0, 0, 0, 10, 0, -10, ]; -72.7224; [-10, 0, 10, 10, 0, -10, -10, 10, -10, -10, 10, 10, 10, 0, 0, -10, 0, 0, -10, -10, 10, ]; -4197.15; [-10, -10, 10, 10, 0, -10, -10, 10, -10, -10, 10, 10, 10, 0, 10, -10, -10, 0, -10, -10, -10, ];
0; 0; 0.9; -300.239; 837.932; 66; -62.0513; [-10, 0, 10, 10, 0, -10, -10, 10, -10, -10, 10, 10, 10, 0, 0, -10, 0, 0, -10, -10, 10, ]; -73.713; [-10, 0, -10, 10, 0, -10, -10, 10, 0, -10, 10, 10, 0, -10, 10, -10, 0, 0, -10, 0, 10, ]; -6147.81; [-10, 0, 10, -10, 0, -10, 10, 10, -10, -10, 0, 10, 10, 0, 0, -10, 0, 0, -10, -10, 10, ];
0; 0; 0.9; -515.943; 3058.75; 67; -62.0513; [-10, 0, 10, 10, 0, -10, -10, 10, -10, -10, 10, 10, 10, 0, 0, -10, 0, 0, -10, -10, 10, ]; -73.7064; [-10, 0, -10, 10, 0, -10, 10, 10, -10, -10, 10, 10, 10, 0, 0, -10, 0, 0, -10, -10, 10, ]; -30242.8; [-10, 0, 10, -10, 0, -10, -10, 10, -10, -10, 10, 10, 10, -10, 0, -10, -10, 0, -10, -10, 10, ];
0; 0; 0.9; -7319.32; 60148.3; 68; -61.1937; [10, 0, -10, 10, 0, -10, 10, -10, 0, -10, 10, 10, 0, 0, 0, -10, 0, 0, 0, -10, 10, ]; -75.0939; [-10, 0, 10, 10, 0, -10, 10, 10, -10, -10, 10, 10, 10, 0, 0, -10, 0, 0, -10, -10, 10, ]; -596883; [-10, 0, 10, 10, 0, -10, -10, 10, -10, -10, 10, 10, 10, 0, 0, -10, 0, 0, -10, -10, 10, ];
0; 0; 0.9; -619.189; 4123.6; 69; -52.4704; [10, 0, 10, 0, -10, -10, 10, -10, 0, -10, 0, 10, 10, 0, 10, -10, 0, 10, -10, -10, 10, ]; -72.4977; [10, 0, 0, 10, 0, -10, 10, -10, -10, -10, 0, 10, 10, 0, 10, 10, -0, 10, -10, -10, 10, ]; -41110.5; [10, -10, 0, 10, 0, -10, -10, -10, -10, -10, 10, 10, 10, 0, -10, -10, 0, 0, -10, -10, 10, ];
0; 0; 0.9; -167.398; 611.813; 70; -58.2334; [10, 0, 0, 10, -10, -10, 10, 0, -10, -10, 10, 10, 0, 0, 0, 10, 0, 0, 0, -10, 10, ]; -72.2308; [-10, 0, 10, 10, 0, -10, 10, 10, -10, -10, 0, 10, 10, 0, 0, -10, 0, 0, -10, -10, 10, ]; -6145.05; [-10, 0, -10, 10, -10, -10, 10, 10, -10, -10, 10, 10, 10, 0, 0, -10, -10, 0, -10, -10, 10, ];
0; 0; 0.9; -178.84; 435.652; 71; -58.2334; [10, 0, 0, 10, -10, -10, 10, 0, -10, -10, 10, 10, 0, 0, 0, 10, 0, 0, 0, -10, 10, ]; -72.7736; [-10, 0, -10, 10, 0, 10, -10, 10, -10, 0, 10, 10, 10, 0, 0, -10, 0, 0, -10, -10, -10, ]; -3379.23; [10, 0, 0, 10, 0, 10, -10, -10, -10, -10, 0, 10, 10, 0, 10, 10, -0, 10, 0, 10, 10, ];
0; 0; 0.9; -108.674; 146.607; 72; -57.0419; [10, -10, -10, 10, -10, 10, 10, 10, -10, -10, 10, 10, 0, 0, 0, 10, 0, 10, 0, -10, -10, ]; -72.3278; [10, -10, 10, -10, -10, -10, 10, 0, -10, -10, 10, 10, 10, 0, 0, -10, 0, 10, -10, 10, 10, ]; -1104.85; [0, 0, -10, 10, 10, 10, 10, 0, -10, -10, 10, 0, 0, -10, -10, 10, -10, 10, 0, -10, -10, ];
0; 0; 0.9; -315.492; 1101.17; 73; -58.0738; [-10, 0, 10, 10, 0, -10, 10, 10, -10, -10, 10, 10, 10, 0, 0, -10, 0, 0, -10, -10, 10, ]; -73.1333; [10, 0, 10, 10, 0, -10, -10, 0, -10, -10, 10, -10, 0, 0, -10, -10, 0, 10, 0, 10, 10, ]; -7379.59; [-10, 0, -10, 10, -10, -10, 10, 10, -10, 0, 10, -10, 0, -10, 0, -10, 0, 0, 0, -10, 10, ];
0; 0; 0.9; -188.511; 356.019; 74; -58.0738; [-10, 0, 10, 10, 0, -10, 10, 10, -10, -10, 10, 10, 10, 0, 0, -10, 0, 0, -10, -10, 10, ]; -75.5852; [10, -10, 10, -10, 0, 10, 10, 0, -10, -10, 0, 10, 10, 0, 10, 10, 0, 0, -10, -10, 10, ]; -2656.59; [0, 0, 0, 10, -10, 10, 10, 0, 10, -10, 0, 10, 0, 0, 10, 10, 0, 10, -10, -10, -10, ];
0; 0; 0.9; -613.796; 3540.93; 75; -52.5319; [10, 0, 0, 10, 10, 10, 10, -10, -10, 0, 0, 10, 0, -10, 10, 10, -10, 0, -10, -10, -10, ]; -75.8653; [0, -10, 0, -10, 10, 10, 10, 10, -10, -10, 10, 10, 10, 0, 0, -10, 0, 10, -10, 10, 10, ]; -35328.2; [10, -10, 10, -10, -10, -10, 10, 10, -10, -10, 10, 10, 10, 0, -10, -10, 0, 10, -10, 10, -10, ];
0; 0; 0.9; -281.093; 1103.04; 76; -52.5319; [10, 0, 0, 10, 10, 10, 10, -10, -10, 0, 0, 10, 0, -10, 10, 10, -10, 0, -10, -10, -10, ]; -74.2319; [0, 0, -10, 0, -10, 10, 10, 0, 10, 0, 0, 0, 0, -10, 10, 10, -10, 0, 0, -10, -10, ]; -10835.5; [10, -10, -10, 10, 0, -10, 10, -10, 0, 0, 10, 10, 10, 0, 0, -10, 0, 10, -10, -10, -10, ];
0; 0; 0.9; -439.226; 2580.28; 77; -52.7722; [0, 0, -10, 10, 0, 10, 10, 0, -10, -10, 0, 10, 10, 0, 10, -10, 0, 10, -10, 10, 10, ]; -74.317; [10, -10, 10, 10, -10, 10, 10, -10, -10, -10, 10, 10, 10, 0, 10, -10, 0, 10, 0, 10, -10, ]; -25771.6; [10, -10, 10, 0, 0, -10, 10, -10, -10, 0, 10, -10, 10, -10, 0, 10, 0, 0, 0, -10, 10, ];
0; 0; 0.9; -489.754; 3055.55; 78; -52.7722; [0, 0, -10, 10, 0, 10, 10, 0, -10, -10, 0, 10, 10, 0, 10, -10, 0, 10, -10, 10, 10, ]; -73.0729; [-10, 0, 10, 10, 10, -10, 10, 10, -10, 0, 10, 10, 10, 0, 0, -10, 0, 0, -10, -10, 10, ]; -30239.5; [-10, 0, -10, 0, -10, -10, 10, -10, -10, 0, -10, 10, 10, -10, 10, 10, -10, 10, 0, 0, -10, ];
0; 0; 0.9; -161.036; 276.543; 79; -59.2871; [10, -10, -10, -10, -10, 0, 10, 0, 0, -10, 10, 10, 0, 0, 0, -10, 0, 10, -10, 10, 10, ]; -71.9294; [0, -10, -10, -10, 10, -10, 10, 0, -10, 0, 0, 10, 10, 0, 0, -10, 0, 0, 0, -10, 10, ]; -1688.44; [-10, -10, -10, 0, -10, -10, 10, -10, -10, 0, 10, 10, 10, 0, 0, -10, -0, 10, 0, -10, 10, ];
0; 0; 0.9; -190.725; 363.025; 80; -38.1216; [10, 0, -10, 0, -10, 10, 10, -10, 10, 0, 10, 10, 10, 0, 10, -10, -10, 10, 0, -10, 10, ]; -71.769; [0, -10, -10, 10, -10, 0, 10, 0, 0, 0, -10, -10, 0, 0, 0, 10, -0, 0, 0, -10, -10, ]; -2035.65; [-10, 0, 10, 10, -10, -10, 10, 10, 10, -10, 10, 10, 10, -10, 0, -10, 0, 10, -10, -10, 10, ];
0; 0; 0.9; -202.296; 641.004; 81; -38.1216; [10, 0, -10, 0, -10, 10, 10, -10, 10, 0, 10, 10, 10, 0, 10, -10, -10, 10, 0, -10, 10, ]; -72.0894; [0, -10, -10, -10, 10, 10, 10, 10, -10, 0, 0, 10, 10, 0, -10, 10, -10, 10, 0, 10, 10, ]; -6144.46; [0, 0, -10, -10, 0, -10, -10, 10, -10, -10, 10, 0, 0, 0, 0, -10, -0, 0, 0, -10, 10, ];
0; 0; 0.9; -397.684; 1132.38; 82; -38.1216; [10, 0, -10, 0, -10, 10, 10, -10, 10, 0, 10, 10, 10, 0, 10, -10, -10, 10, 0, -10, 10, ]; -72.4219; [-10, -10, -10, 0, 10, 10, 10, 10, -10, 0, -10, 10, 0, 0, 0, 10, -0, 0, -10, -10, -10, ]; -8810.34; [0, -10, -10, 10, -10, 0, 10, 0, 0, 0, -10, -10, 0, -10, 10, 10, -10, 0, -10, 0, 10, ];
0; 0; 0.9; -326.669; 1087.27; 83; -56.6674; [0, 0, -10, 10, -10, 0, 10, 0, 0, 0, -10, -10, 0, 0, 0, 10, -0, 0, 0, -10, -10, ]; -71.6898; [10, 0, -10, 10, 10, -10, 10, 10, -10, -10, 10, 0, 10, 0, 0, -10, 0, 0, 0, -10, 10, ]; -8810.34; [0, -10, -10, 10, -10, 0, 10, 0, 0, 0, -10, -10, 0, -10, 10, 10, -10, 0, -10, 0, 10, ];
0; 0; 0.9; -573.682; 3557.81; 84; -56.6674; [0, 0, -10, 10, -10, 0, 10, 0, 0, 0, -10, -10, 0, 0, 0, 10, -0, 0, 0, -10, -10, ]; -74.074; [-10, 0, 0, 10, -10, -10, -10, 10, 10, -10, 10, 10, 0, 0, 0, -10, 0, 0, -10, -10, 10, ]; -35327.6; [-10, 0, 0, -10, 0, 0, 10, 10, 0, -10, -10, -10, 0, -10, -10, -10, 0, -10, 0, 10, -10, ];
0; 0; 0.9; -584.659; 3601.47; 85; -56.6674; [0, 0, -10, 10, -10, 0, 10, 0, 0, 0, -10, -10, 0, 0, 0, 10, -0, 0, 0, -10, -10, ]; -74.0003; [0, 0, -10, 10, 10, 0, 10, 0, -10, -10, -10, 0, 10, 0, 0, 10, -0, 0, 0, -10, -10, ]; -35327.6; [-10, 0, 0, -10, 0, 0, 10, 10, 0, -10, -10, -10, 0, -10, -10, -10, 0, -10, 0, 10, -10, ];
0; 0; 0.9; -763.86; 4458.52; 86; -56.3522; [10, -10, 0, 0, 10, 10, -10, -10, -10, -10, 10, 10, 0, 0, 0, 10, 0, 10, -10, -10, 10, ]; -72.2204; [-10, 0, -10, -10, -10, -10, -10, 10, 10, -10, 10, 10, 0, 0, 0, 10, -0, 0, 0, -10, 10, ]; -41112.7; [-10, 0, -10, -10, 10, -10, 10, 10, -10, -10, -10, 10, 0, -10, 10, 10, -0, 0, -10, 0, -10, ];
0; 0; 0.9; -249.999; 865.03; 87; -56.3522; [10, -10, 0, 0, 10, 10, -10, -10, -10, -10, 10, 10, 0, 0, 0, 10, 0, 10, -10, -10, 10, ]; -73.2213; [-10, -10, 0, 10, -10, 10, -10, -10, -10, -10, 0, 0, 0, -10, 10, 10, 0, 0, 10, -10, -10, ]; -6147.1; [10, -10, -10, 0, 10, 0, -10, 10, -10, -10, -10, 10, 0, 0, 0, 10, 0, 0, -10, -10, -10, ];
0; 0; 0.9; -1174.67; 5562.42; 88; -60.031; [10, -10, 0, 10, 10, 0, -10, -10, -10, -10, -10, -10, 0, -0, 0, 10, 0, -10, 10, -10, -10, ]; -77.8331; [10, -10, -10, -10, -10, -10, -10, 10, 10, -10, 10, -10, 0, -10, 10, 10, -0, 0, -10, 0, 10, ]; -41112.3; [-10, -10, -10, 0, -10, -10, -10, 10, 10, 0, -10, -10, 0, -10, 0, 10, -10, 0, 0, -10, 10, ];
0; 0; 0.9; -243.109; 894.544; 89; -60.031; [10, -10, 0, 10, 10, 0, -10, -10, -10, -10, -10, -10, 0, -0, 0, 10, 0, -10, 10, -10, -10, ]; -76.5297; [-10, -10, -10, -10, -10, -10, -10, 10, 10, 0, 10, 10, 10, -10, 10, -10, -0, 0, 0, -10, 10, ]; -8809.73; [10, -10, 0, 10, -10, -10, -10, -10, -10, -10, 10, -10, 0, -0, 0, 10, 0, -10, 10, -10, -10, ];
0; 0; 0.9; -454.843; 1373.81; 90; -60.031; [10, -10, 0, 10, 10, 0, -10, -10, -10, -10, -10, -10, 0, -0, 0, 10, 0, -10, 10, -10, -10, ]; -76.4756; [10, -10, 0, 10, 10, -10, -10, -10, -10, -10, 10, 10, 10, 0, 10, 0, -10, 10, 0, 0, -10, ]; -8812.37; [-10, -10, -10, -10, 10, 10, -10, 0, -10, 0, 10, 10, 0, 0, -10, 10, -10, 0, 0, -10, 10, ];
0; 0; 0.9; -2002.18; 17766.6; 91; -60.031; [10, -10, 0, 10, 10, 0, -10, -10, -10, -10, -10, -10, 0, -0, 0, 10, 0, -10, 10, -10, -10, ]; -72.5821; [-10, -10, -10, -10, 0, 0, 10, 10, 10, -10, -10, 10, 0, 0, 0, -10, -0, 10, 0, -10, -10, ]; -178634; [10, -10, 0, -10, -10, -10, 10, -10, -10, -10, 10, 10, 0, 0, 10, -10, 0, 0, 10, -10, 10, ];
0; 0; 0.9; -548.454; 2713.45; 92; -52.186; [10, -10, 0, 0, -10, 10, -10, 10, 0, -10, -10, -10, 0, 0, 10, 10, 0, 10, -10, -10, 10, ]; -72.2521; [10, -10, -10, 0, -10, -10, -10, 10, 0, -10, -10, -10, 0, 0, 10, 10, 0, 10, -10, -10, 10, ]; -25780.1; [10, -10, -10, 10, 0, -10, -10, -10, -10, -10, 10, 10, 0, 0, 0, -10, -0, 10, 0, -10, -10, ];
0; 0; 0.9; -220.386; 706.617; 93; -56.5636; [10, -10, -10, 10, 10, 0, -10, 10, -10, -10, -10, 10, 0, 0, -10, -10, -0, 0, 0, 10, 10, ]; -73.1082; [-10, 0, -10, 0, 10, 10, -10, -10, 10, -10, 10, 10, 10, 0, -10, 10, -0, 10, 0, -10, -10, ]; -6144.15; [10, -10, 0, -10, 10, 0, -10, -10, -10, -10, -10, -10, 0, -0, -10, 10, -10, 0, 0, -10, -10, ];
0; 0; 0.9; -601.374; 3580.37; 94; -56.5636; [10, -10, -10, 10, 10, 0, -10, 10, -10, -10, -10, 10, 0, 0, -10, -10, -0, 0, 0, 10, 10, ]; -73.3325; [0, -10, -10, 0, -10, -10, -10, 10, -10, -10, -10, 10, 10, 0, -10, 10, -0, 0, 0, 0, 10, ]; -35329.5; [10, -10, -10, 0, -10, -10, 10, 10, 0, -10, -10, -10, 10, 0, 0, -10, 0, 0, 0, 10, -10, ];
0; 0; 0.9; -420.373; 1194.33; 95; -56.5636; [10, -10, -10, 10, 10, 0, -10, 10, -10, -10, -10, 10, 0, 0, -10, -10, -0, 0, 0, 10, 10, ]; -74.6753; [-10, -10, -10, 0, -10, 0, -10, -10, 0, -10, 10, 10, 0, 0, 0, -10, 0, 10, 0, -10, 10, ]; -7378.55; [-10, 0, -10, 0, -10, -10, 10, -10, 0, 0, 10, 10, 0, 0, 0, -10, -10, 0, 0, -10, 10, ];
0; 0; 0.9; -316.617; 933.263; 96; -56.5534; [10, -10, 0, 0, 10, 10, -10, 10, 0, -10, -10, -10, 10, -0, -10, 10, -0, 0, 0, -10, 10, ]; -74.9579; [10, -10, -10, 10, 0, 0, -10, 10, 0, -10, 10, -10, 10, 0, 10, -10, 0, 0, -10, -10, -10, ]; -6144.15; [10, -10, 0, -10, 10, 0, -10, -10, -10, -10, -10, -10, 0, -0, -10, 10, -10, 0, 0, -10, -10, ];
0; 0; 0.9; -486.346; 1762.58; 97; -56.5534; [10, -10, 0, 0, 10, 10, -10, 10, 0, -10, -10, -10, 10, -0, -10, 10, -0, 0, 0, -10, 10, ]; -74.8934; [10, -10, 0, 0, -10, 10, 10, -10, 10, 0, 10, 10, 0, 0, 10, 10, 0, 0, 0, -10, 10, ]; -15299.4; [10, -10, 0, 10, 10, 10, -10, 10, 10, 0, -10, 10, 0, 0, 10, 10, 0, 0, 0, 10, 10, ];
0; 0; 0.9; -269.317; 720.099; 98; -56.5534; [10, -10, 0, 0, 10, 10, -10, 10, 0, -10, -10, -10, 10, -0, -10, 10, -0, 0, 0, -10, 10, ]; -73.9899; [10, -10, 0, 10, -10, 0, -10, 0, -10, 0, 0, -10, 0, 0, 10, 10, -10, 10, 0, -10, -10, ]; -6144.15; [10, -10, 0, -10, 10, 0, -10, -10, -10, -10, -10, -10, 0, -0, -10, 10, -10, 0, 0, -10, -10, ];
0; 0; 0.9; -8315.99; 68092; 99; -63.4152; [10, -10, 0, -10, -10, 10, 10, 10, -10, -10, -10, -10, 10, 0, 10, 10, 0, 10, 0, -10, 10, ]; -74.2204; [0, -10, -10, 0, -10, 10, -10, 10, -10, -10, 10, -10, 0, 0, 10, 10, 0, 0, 0, -10, -10, ]; -672155; [10, -10, -10, -10, -10, 10, 10, -10, -10, 0, -10, 10, 10, 0, -10, 10, -10, 0, 0, 10, -10, ];
0; 0; 0.9; -288.73; 895.334; 100; -56.9229; [-10, -10, 10, 0, -10, 10, 10, 0, -10, 0, 0, 10, 10, -10, -10, 10, 0, 0, 0, -10, 10, ]; -74.8934; [10, -10, 0, 0, -10, 10, 10, -10, 10, 0, 10, 10, 0, 0, 10, 10, 0, 0, 0, -10, 10, ]; -6144.23; [0, -10, -10, 10, 10, 0, -10, -10, -10, 0, 10, 10, 0, 0, -10, 10, -10, 0, -10, -10, -10, ];
0; 0; 0.9; -1577.32; 13598.6; 101; -60.2442; [0, -10, -10, 10, -10, 10, -10, 10, -10, 0, 10, 10, 0, 0, 0, -10, -10, 0, -10, -10, 10, ]; -75.0609; [10, 0, -10, 0, 0, 10, -10, 10, 0, -10, 10, 10, 0, 0, -10, 10, -0, 10, -10, 10, -10, ]; -136841; [10, -10, -10, -10, 0, 0, -10, -10, -10, -10, -10, 0, 0, 0, -10, -10, 0, 0, 0, -10, -10, ];
0; 0; 0.9; -982.978; 5356.52; 102; -57.136; [10, 0, -10, 10, -10, 10, -10, 0, 0, 0, 10, 10, 0, 0, 0, -10, -10, 0, 0, -10, -10, ]; -78.9124; [10, -10, 0, -10, -10, 10, 10, 10, -10, -10, -10, -10, 10, 0, 10, 10, 0, 10, 0, -10, 10, ]; -41111.5; [10, -10, 0, -10, -10, -10, -10, -10, -10, -10, -10, -10, 10, 0, 10, 10, 0, 0, 0, -10, -10, ];
0; 0; 0.9; -410.621; 1912.67; 103; -55.5714; [10, -10, -10, 0, -10, 10, 10, 0, 10, 0, 0, 0, 10, -10, 10, 10, -10, 0, 0, -10, 10, ]; -74.5245; [-10, 0, 10, 0, 0, 10, 10, 10, -10, -10, -10, 0, 10, -10, -10, 10, -10, 0, 0, -10, -10, ]; -17240.8; [0, -10, -10, 0, 0, 10, 10, 10, 0, 0, 10, 10, 10, 0, 10, 10, 0, 0, 0, 10, 10, ];
0; 0; 0.9; -896.973; 4608.44; 104; -55.5714; [10, -10, -10, 0, -10, 10, 10, 0, 10, 0, 0, 0, 10, -10, 10, 10, -10, 0, 0, -10, 10, ]; -76.2742; [10, -10, 0, -10, 0, 10, 10, 10, -10, -10, 10, 10, 10, 0, 10, 10, -10, 10, 0, -10, -10, ]; -35328.2; [10, -10, -10, -10, -10, -10, -10, 10, -10, -10, -10, 0, 10, 0, 0, 10, -10, 0, 0, -10, -10, ];
0; 0; 0.9; -2089.05; 13915.9; 105; -55.5714; [10, -10, -10, 0, -10, 10, 10, 0, 10, 0, 0, 0, 10, -10, 10, 10, -10, 0, 0, -10, 10, ]; -74.319; [10, -10, 0, -10, -10, -10, 10, -10, -10, -10, 0, 0, 10, 0, 10, 10, -10, 10, 0, 10, 10, ]; -136839; [-10, 0, 0, -10, -10, 0, 10, 10, -10, -10, -10, -10, 0, -10, -10, 0, 0, -10, 0, 0, -10, ];
0; 0; 0.9; -381.548; 1187.02; 106; -53.2125; [10, -10, 0, -10, -10, 0, 10, 10, 0, -10, -10, 0, 10, 0, 10, -10, 0, 10, 0, 10, -10, ]; -74.2729; [10, -10, -10, -10, -10, -10, 10, -10, -10, 0, 0, 0, 10, 0, 10, 10, -10, 10, 0, 10, -10, ]; -8806.89; [10, -10, -10, -10, -10, 10, -10, 10, -10, -10, -10, -10, 10, 0, -10, 10, 0, 10, 0, 10, 10, ];
0; 0; 0.9; -822.56; 4270.66; 107; -56.6909; [10, 0, 0, -10, 10, 10, 10, 10, -10, 0, -10, 0, 10, 0, -10, 10, 0, -10, 0, 10, 10, ]; -74.2499; [0, 0, -10, 10, -10, 10, -10, -10, -10, -10, 0, 0, 10, 0, 10, 10, -10, 0, 0, 10, -10, ]; -41114.2; [0, -10, 10, -10, -10, 10, 10, 10, -10, -10, -10, -10, 10, 0, 10, 10, -10, 0, 0, -10, -10, ];
0; 0; 0.9; -783.125; 4600.3; 108; -56.7247; [-10, 0, -10, 10, -10, 10, -10, 10, -10, -10, 10, 10, 10, 0, 10, 10, -10, 10, 0, 10, -10, ]; -73.5766; [10, 0, 0, 0, -10, 10, 10, 10, -10, -10, 10, -10, 10, 0, -10, 10, -10, 10, 0, 10, -10, ]; -41112.4; [10, -10, -10, -10, 0, 0, 10, 10, -10, -10, -10, 10, 10, 0, -10, -10, 0, 10, 0, 10, -10, ];
0; 0; 0.9; -2251.8; 15789.1; 109; -58.4804; [0, -10, 10, 10, -10, 10, 10, 10, -10, -10, 0, -10, 10, -10, 10, 10, -10, 0, 0, -10, -10, ]; -72.7981; [10, 0, 0, -10, 10, 10, 10, -10, -10, 0, 10, 10, 10, -0, -10, -10, 0, 10, -10, -10, 10, ]; -156576; [0, 0, -10, -10, -10, 10, -10, -10, -10, -10, 10, -10, 10, 0, -10, -10, 0, 0, -10, -10, -10, ];
0; 0; 0.9; -550.041; 1873.34; 110; -57.2573; [0, 0, -10, 10, -10, 10, 10, 10, 10, -10, 10, -10, 10, -10, -10, 10, 0, 0, 0, -10, -10, ]; -74.1516; [10, -10, -10, -10, -10, 10, 10, 10, -10, 0, -10, -10, 10, 0, 10, 10, -10, 10, 0, 10, -10, ]; -15551.9; [0, 0, -10, 10, -10, 10, -10, -10, -10, -10, -10, 0, 10, 0, -10, -10, -10, 0, -10, -10, -10, ];
0; 0; 0.9; -343.5; 1241.12; 111; -57.2573; [0, 0, -10, 10, -10, 10, 10, 10, 10, -10, 10, -10, 10, -10, -10, 10, 0, 0, 0, -10, -10, ]; -72.6071; [-10, 0, 10, 0, -10, 10, 10, 10, -10, 0, 10, 0, 10, -10, 10, 10, -10, 0, -10, -10, -10, ]; -8810.78; [-10, 0, 0, 10, -10, 10, 10, -10, -10, 0, 0, 0, 10, -0, -10, -10, 0, 0, 0, -10, -10, ];
0; 0; 0.9; -535.73; 2383.82; 112; -57.2573; [0, 0, -10, 10, -10, 10, 10, 10, 10, -10, 10, -10, 10, -10, -10, 10, 0, 0, 0, -10, -10, ]; -72.1163; [0, 0, -10, 10, -10, -10, 10, 10, -10, -10, 10, 0, 10, 0, 10, -10, -10, 0, 0, 10, -10, ]; -21885.9; [10, 0, -10, -10, -10, 10, 10, -10, -10, 0, -10, 0, 10, 0, -10, 10, -10, 10, 0, -10, -10, ];
0; 0; 0.9; -555.56; 1635.67; 113; -55.9944; [10, 0, -10, -10, -10, 10, 10, -10, -10, 0, 0, 0, 10, -10, -10, 10, -10, 10, 10, -10, -10, ]; -72.2368; [0, 0, -10, -10, -10, -10, 10, 10, -10, 0, 10, 0, 10, 0, 10, -10, -10, 0, 0, 10, -10, ]; -8812.83; [10, -10, -10, 10, -10, -10, 10, 10, -10, 0, -10, 0, 10, 0, 10, -10, -10, 0, 0, 10, -10, ];
0; 0; 0.9; -434.563; 2211.55; 114; -55.9944; [10, 0, -10, -10, -10, 10, 10, -10, -10, 0, 0, 0, 10, -10, -10, 10, -10, 10, 10, -10, -10, ]; -72.9733; [0, 0, 10, 10, -10, -10, 10, 10, -10, -10, -10, 10, 10, 0, 0, -10, 0, 10, -10, 10, -10, ]; -21886.1; [0, -10, 10, 0, -10, 10, -10, -10, -10, 0, 0, -10, 10, 0, -10, -10, -10, 0, 0, -10, -10, ];
0; 0; 0.9; -729.588; 3731.25; 115; -55.9944; [10, 0, -10, -10, -10, 10, 10, -10, -10, 0, 0, 0, 10, -10, -10, 10, -10, 10, 10, -10, -10, ]; -73.2878; [10, 0, -10, -10, -10, 10, 10, -10, -10, 0, 10, 0, 10, -10, 10, 10, -10, -10, -10, -10, -10, ]; -35311.9; [-10, 0, -10, -10, -10, 10, 10, -10, -10, 0, -10, 10, 0, -10, -10, 10, 0, 0, 0, -10, -10, ];
0; 0; 0.9; -945.968; 4086.68; 116; -57.2295; [-10, 0, 10, 10, -10, 10, -10, 10, -10, -10, 10, 10, 10, -10, 10, -10, -10, 0, -10, -10, 10, ]; -74.3299; [-10, 0, 0, -10, -10, 10, 10, 10, 10, 0, 0, 0, 10, -10, -10, -10, -10, 0, 0, -10, -10, ]; -30242.2; [0, 0, -10, -10, -10, 10, 10, 10, -10, 0, -10, 0, 10, -10, -10, 10, 0, 0, 0, -10, -10, ];
0; 0; 0.9; -3792.8; 22360.4; 117; -58.131; [-10, 0, -10, 0, -10, 10, 10, -10, -10, 0, 10, 10, 0, -10, 10, -10, -10, 0, 0, 10, 10, ]; -76.2695; [10, 0, 0, -10, -10, 10, 10, -10, -10, 0, 0, 0, 10, -10, 10, 10, -10, 10, 10, -10, -10, ]; -178635; [10, 0, 0, -10, -10, 10, 10, 10, 10, 0, -10, 10, 10, -10, -10, 10, 10, -10, 0, 10, 0, ];
0; 0; 0.9; -997.379; 5116.36; 118; -53.4212; [-10, 0, 0, -10, 10, 10, 10, 0, -10, 0, 10, 0, 10, -10, 10, -10, -10, 0, 10, -10, 10, ]; -76.6664; [-10, 0, 10, 0, -10, -10, 10, -10, 10, 0, 10, 10, 10, -10, 10, 10, -10, 0, 0, 10, -10, ]; -41111.3; [-10, -10, 10, -10, -10, 10, 10, -10, 10, -10, -10, 0, 0, 0, -10, 10, 0, 0, 0, -10, 10, ];
0; 0; 0.9; -503.256; 1585.86; 119; -53.4212; [-10, 0, 0, -10, 10, 10, 10, 0, -10, 0, 10, 0, 10, -10, 10, -10, -10, 0, 10, -10, 10, ]; -73.7487; [-10, 0, -10, -10, -10, 10, 10, 10, -10, 0, 0, 0, 10, -10, 10, -10, -10, 0, 0, -10, -10, ]; -9601.06; [10, 0, 10, 10, 0, 10, 10, 10, -10, -10, 10, 0, 0, 0, 10, 10, 0, 10, -10, 10, 10, ];
0; 0; 0.9; -281.694; 1062.23; 120; -60.1804; [10, 0, -10, 0, -10, 10, 10, -10, -10, 0, 10, 10, 10, -10, 10, -10, -10, 0, 0, 10, -10, ]; -73.3191; [-10, 0, 0, -10, -10, 10, 10, 10, -10, 0, 10, 0, 10, -10, 10, -10, 0, 0, 10, -10, 10, ]; -8813.26; [0, 0, -10, 10, -10, -10, 10, 0, -10, 0, 0, 0, 0, 0, 10, -10, 0, 0, -10, -10, 10, ];
0; 0; 0.9; -648.435; 3615.99; 121; -48.9317; [10, 0, -10, -10, -10, 10, 10, -10, 10, -10, 10, 0, 10, 0, 10, 10, 0, 0, 0, 10, -10, ]; -74.0197; [-10, 0, 0, -10, -10, 10, 10, 10, -10, 0, 10, 0, 10, -10, 10, -10, -10, 0, 0, -10, -10, ]; -35327.3; [10, 0, -10, 0, -10, 10, 10, -10, -10, 0, -10, 10, 10, -10, -10, -10, -10, 10, 0, 10, -10, ];
0; 0; 0.9; -450.989; 1646.05; 122; -59.2263; [10, 0, -10, -10, -10, 10, 10, 10, 10, 0, -10, 10, 10, -10, -10, -10, -10, 10, 0, 10, -10, ]; -73.9331; [-10, 0, -10, 10, -10, -10, 10, 10, 10, 0, 10, 10, 10, 0, -10, -10, 0, 0, -10, -10, -10, ]; -8810.22; [-10, 0, -10, -10, -10, 10, 10, 10, -10, 0, 10, 0, 10, 0, -10, 10, -10, 0, 0, -10, -10, ];
0; 0; 0.9; -263.258; 808.304; 123; -61.6918; [-10, 0, 0, -10, -10, 10, 10, 10, -10, 0, -10, 0, 10, -10, 10, -10, 0, 0, 0, -10, 10, ]; -72.7218; [-10, -10, -10, 10, -10, 10, 10, 10, -10, -10, 0, 0, 10, 0, 10, -10, -10, 0, 0, 10, -10, ]; -6143.26; [-10, -10, -10, -10, -10, 10, -10, 10, -10, -10, -10, 0, 10, 0, -10, -10, 0, 0, 0, -10, -10, ];
0; 0; 0.9; -359.116; 2175.41; 124; -53.3675; [-10, 0, 10, 10, -10, -10, 10, -10, -10, -10, 10, 10, 0, 0, 10, -10, 0, 0, 0, -10, 10, ]; -73.0194; [-10, 0, 10, 0, -10, 10, 10, 10, -10, 0, 10, 0, 10, 0, -10, 10, -10, 10, -10, -10, -10, ]; -21883.9; [-10, -10, 0, -10, -10, 10, 10, 10, -10, -10, 0, 10, 10, -10, -10, -10, -10, 0, 0, -10, -10, ];
0; 0; 0.9; -203.822; 554.596; 125; -59.9727; [10, 0, 10, -10, -10, 0, 10, 10, -10, -10, -10, 10, 10, 0, 10, -10, 0, 10, 0, -10, -10, ]; -73.0194; [-10, 0, 10, 0, -10, 10, 10, 10, -10, 0, 10, 0, 10, 0, -10, 10, -10, 10, -10, -10, -10, ]; -5090.28; [10, 0, -10, -10, -10, 10, -10, 10, -10, -10, -10, 10, 10, 0, -10, -10, 0, 10, 0, -10, -10, ];
0; 0; 0.9; -282.812; 1067.06; 126; -59.9727; [10, 0, 10, -10, -10, 0, 10, 10, -10, -10, -10, 10, 10, 0, 10, -10, 0, 10, 0, -10, -10, ]; -73.0194; [-10, 0, 10, 0, -10, 10, 10, 10, -10, 0, 10, 0, 10, 0, -10, 10, -10, 10, -10, -10, -10, ]; -8810.25; [10, 0, -10, -10, -10, -10, 10, 0, -10, 0, 10, 10, 0, 0, -10, -10, -10, 0, 0, -10, -10, ];
0; 0; 0.9; -280.807; 1137.6; 127; -52.0743; [-10, -10, 10, -10, -10, 10, 10, 10, -10, 0, 10, 10, 10, 0, 10, -10, -10, 0, 0, -10, 10, ]; -72.6781; [-10, -10, 10, -10, -10, 10, 10, 0, 10, -10, 0, 0, 10, -10, 10, 10, 0, 0, 0, -10, -10, ]; -8810.25; [10, 0, -10, -10, -10, -10, 10, 0, -10, 0, 10, 10, 0, 0, -10, -10, -10, 0, 0, -10, -10, ];
0; 0; 0.9; -353.195; 1617.61; 128; -52.0743; [-10, -10, 10, -10, -10, 10, 10, 10, -10, 0, 10, 10, 10, 0, 10, -10, -10, 0, 0, -10, 10, ]; -74.9865; [-10, -10, -10, 0, -10, 10, 10, 10, 10, -10, 10, 0, 10, 0, 10, 10, -10, 0, 0, 10, -10, ]; -15555; [-10, -10, 10, -10, -10, -10, -10, -10, -10, -10, -10, 0, 0, -10, -10, -10, 0, -10, 10, 0, -10, ];
0; 0; 0.9; -193.536; 363.681; 129; -61.0036; [-10, -10, 10, -10, -10, 10, 10, 0, -10, 0, 10, 0, 10, 0, 10, 10, -10, 0, 0, -10, 10, ]; -76.9348; [10, 0, -10, 0, -10, 10, 10, 0, -10, 0, 10, 0, 10, -10, 10, 10, -10, 0, 0, -10, 10, ]; -2776.3; [10, 0, 10, 0, -10, 10, 10, 10, -10, 0, 10, 10, 10, 0, 10, -10, 0, 10, -10, 10, -10, ];
0; 0; 0.9; -195.981; 631.166; 130; -50.2895; [-10, 0, 10, 10, -10, 10, -10, 0, 10, -10, 10, 0, 10, -10, 10, -10, -10, 0, 0, -10, 10, ]; -73.6058; [-10, -10, 10, -10, -10, 10, -10, 10, -10, 0, 0, 0, 10, 0, -10, 10, -10, 10, 0, 10, -10, ]; -6145.55; [0, 0, 10, -10, -10, 10, 10, 0, -10, 0, 0, 0, 0, -10, -10, 10, -10, 0, -10, -10, -10, ];
0; 0; 0.9; -195.989; 566.121; 131; -50.2895; [-10, 0, 10, 10, -10, 10, -10, 0, 10, -10, 10, 0, 10, -10, 10, -10, -10, 0, 0, -10, 10, ]; -72.4262; [10, 0, -10, -10, -10, 10, 10, 0, -10, 0, -10, 0, 10, -10, 10, 10, 0, 0, 0, -10, -10, ]; -5089.6; [0, 0, -10, -10, -10, 10, 10, 0, 10, -10, 10, 0, 10, -10, -10, -10, -10, 0, 0, -10, 10, ];
0; 0; 0.9; -256.302; 763.566; 132; -50.2895; [-10, 0, 10, 10, -10, 10, -10, 0, 10, -10, 10, 0, 10, -10, 10, -10, -10, 0, 0, -10, 10, ]; -73.5126; [0, 0, -10, 0, -10, 10, 10, 10, 10, -10, 0, 0, 0, 0, 10, 10, -10, 0, 0, -10, -10, ]; -6146.68; [10, 0, -10, -10, 0, 10, -10, 10, 0, -10, 10, 0, 10, 0, -10, 10, -10, 10, -10, -10, -10, ];
0; 0; 0.9; -153.535; 230.871; 133; -60.4618; [-10, 0, -10, 10, -10, 10, 10, 0, 10, 0, 10, 0, 0, -10, 10, 10, -10, 0, 0, -10, -10, ]; -73.8493; [0, -10, 10, -10, -10, 10, 10, 10, -10, -10, 10, 10, 10, 0, -10, -10, 0, 0, 0, -10, -10, ]; -1685.77; [-10, 0, 10, -10, 0, 10, -10, 10, -10, -10, 10, 10, 10, 0, -10, -10, 0, 0, -10, -10, -10, ];
0; 0; 0.9; -156.97; 267.671; 134; -59.5002; [10, -10, 10, -10, 10, 10, 10, 10, -10, -10, 0, 10, 10, 0, -10, 10, 0, 10, 0, 10, -10, ]; -73.6058; [-10, -10, 10, -10, -10, 10, -10, 10, -10, 0, 0, 0, 10, 0, -10, 10, -10, 10, 0, 10, -10, ]; -1688.92; [-10, 0, -10, -10, 0, -10, -10, 0, 10, -10, 10, -10, 0, -10, 0, -10, -10, 0, 10, -10, 10, ];
0; 0; 0.9; -710.976; 2871.3; 135; -54.959; [10, 10, -10, -10, -10, 0, 10, 10, 10, 0, 10, 0, 10, -10, 10, -10, -10, 0, -10, -10, 0, ]; -75.0706; [0, 0, -10, 10, 0, -10, 10, 10, 10, 0, 0, 0, 10, -10, 0, -10, 0, 0, -10, -10, 10, ]; -25781.7; [-10, -10, -10, -10, -10, -10, 10, 10, -10, 0, 0, 0, 10, 0, 10, 10, 0, 0, 0, -10, 10, ];
0; 0; 0.9; -390.454; 1400.57; 136; -54.959; [10, 10, -10, -10, -10, 0, 10, 10, 10, 0, 10, 0, 10, -10, 10, -10, -10, 0, -10, -10, 0, ]; -75.0651; [10, -10, 0, -10, -10, 10, 10, 10, -10, 0, 0, 0, 10, 0, -10, 10, -10, 0, 0, 10, -10, ]; -8806.87; [-10, 0, 10, -10, -10, 10, -10, 10, -10, 0, 10, 0, 0, -10, 10, 10, -10, 0, 0, 10, -10, ];
0; 0; 0.9; -288.778; 1120.24; 137; -54.959; [10, 10, -10, -10, -10, 0, 10, 10, 10, 0, 10, 0, 10, -10, 10, -10, -10, 0, -10, -10, 0, ]; -73.6586; [-10, -10, 10, 0, -10, 10, 10, 10, -10, 0, 10, 0, 10, 0, 10, 10, -10, 0, -10, -10, -10, ]; -8526.56; [10, 10, 10, 10, -10, 10, 10, 10, 10, 0, 10, 0, 10, 10, 10, 10, -10, 10, -10, -10, -10, ];
0; 0; 0.9; -231.412; 780.097; 138; -54.959; [10, 10, -10, -10, -10, 0, 10, 10, 10, 0, 10, 0, 10, -10, 10, -10, -10, 0, -10, -10, 0, ]; -73.0258; [-10, 0, -10, 0, -10, 10, 10, 0, -10, 0, 10, 0, 10, 0, 10, -10, -10, 0, -10, -10, 10, ]; -7380.99; [0, 0, -10, 0, -10, 10, 10, 0, -10, 0, 0, 0, 0, 0, 10, -10, 0, 0, -10, -10, -10, ];
0; 0; 0.9; -232.569; 704.956; 139; -54.0087; [-10, -10, -10, 0, -10, 10, 10, 0, -10, 0, 0, 0, 10, -10, 10, 10, -10, 0, 0, -10, 10, ]; -73.0194; [-10, 0, 10, 0, -10, 10, 10, 10, -10, 0, 10, 0, 10, 0, -10, 10, -10, 10, -10, -10, -10, ]; -6153.06; [-10, 0, 0, -10, -10, 10, 10, 10, -10, 0, 0, 10, 10, -10, 10, -10, -10, 0, 0, -10, 10, ];
0; 0; 0.9; -166.746; 448.531; 140; -47.7474; [-10, -10, -10, 0, -10, 10, 10, 0, -10, -10, 10, 0, 0, 0, 10, 10, -10, 0, 0, -10, 10, ]; -72.524; [-10, -10, 10, 0, -10, 10, 10, 10, -10, 0, 10, 0, 0, 0, 10, 10, -10, 0, 0, -10, 10, ]; -4199.58; [-10, -10, -10, -10, -10, 10, 10, 10, -10, -10, 10, 0, 10, 0, 10, 10, -10, 0, 0, 10, -10, ];
0; 0; 0.9; -184.687; 617.736; 141; -50.6529; [-10, 0, -10, 0, -10, 10, 10, 10, -10, -0, 10, 0, 0, -10, 10, -10, 0, 10, 0, -10, 10, ]; -72.7678; [-10, 0, 10, 10, -10, 10, 10, 0, -10, -10, 10, 0, 10, 0, 10, 10, -10, 0, 0, -10, -10, ]; -6150.04; [-10, 0, 0, 0, -10, 10, 10, 0, -10, 0, -10, 0, 0, -10, 10, -10, 0, 0, 0, -10, 10, ];
0; 0; 0.9; -332.465; 1130.48; 142; -50.6529; [-10, 0, -10, 0, -10, 10, 10, 10, -10, -0, 10, 0, 0, -10, 10, -10, 0, 10, 0, -10, 10, ]; -72.8199; [-10, 0, -10, 0, -10, 10, 10, 10, 10, 0, 10, 0, 0, 10, 10, -10, 0, 0, -10, -10, -10, ]; -7377.04; [-10, 0, -10, -10, 10, 10, 10, 0, -10, 0, 10, 0, 10, -10, -10, 10, 0, 0, 0, -10, 10, ];
0; 0; 0.9; -255.998; 755.809; 143; -50.6529; [-10, 0, -10, 0, -10, 10, 10, 10, -10, -0, 10, 0, 0, -10, 10, -10, 0, 10, 0, -10, 10, ]; -72.5874; [-10, -10, -10, -10, -10, 10, 10, 0, -10, 0, 10, 0, 10, 0, 10, -10, -10, 0, 0, 10, -10, ]; -5093.93; [10, -10, -10, 0, 10, 0, 10, 10, -10, 0, -10, 10, 10, 0, 10, -10, -10, 10, 0, -10, -10, ];
0; 0; 0.9; -375.914; 1419.56; 144; -50.6529; [-10, 0, -10, 0, -10, 10, 10, 10, -10, -0, 10, 0, 0, -10, 10, -10, 0, 10, 0, -10, 10, ]; -73.0495; [-10, 0, -10, 0, 10, 10, 10, 10, -10, 0, 10, 0, 10, 0, 10, -10, -10, 0, 10, -10, 10, ]; -8810.43; [-10, 0, 10, 0, -10, 10, 10, 0, -10, -10, -10, 0, 10, -10, 10, 10, 0, 0, 0, 10, 10, ];
0; 0; 0.9; -227.139; 879.251; 145; -50.6529; [-10, 0, -10, 0, -10, 10, 10, 10, -10, -0, 10, 0, 0, -10, 10, -10, 0, 10, 0, -10, 10, ]; -74.2432; [0, 0, -10, 0, 0, -10, -10, 0, 10, 0, 10, 0, 10, -10, 10, 10, -10, 0, 10, -10, -10, ]; -8808.9; [10, 0, 10, -10, -10, 10, 10, 10, -10, -10, -10, 10, 0, 0, -10, -10, 0, 10, 0, -10, 10, ];
0; 0; 0.9; -185.795; 323.974; 146; -56.0345; [-10, 0, -10, 10, 0, 0, 10, 10, -10, 0, 10, 0, 10, 0, 10, -10, -10, 10, 0, -10, -10, ]; -73.0194; [-10, 0, 10, 0, -10, 10, 10, 10, -10, 0, 10, 0, 10, 0, -10, 10, -10, 10, -10, -10, -10, ]; -2339.64; [-10, 10, 0, 10, 0, -10, 0, 10, 10, -10, 10, 10, 10, 10, -10, 10, 0, 0, -10, -10, 10, ];
0; 0; 0.9; -511.756; 2582.12; 147; -56.0345; [-10, 0, -10, 10, 0, 0, 10, 10, -10, 0, 10, 0, 10, 0, 10, -10, -10, 10, 0, -10, -10, ]; -73.7677; [10, -10, 10, -10, -10, 10, 10, 0, -10, 0, 10, 10, 10, 0, -10, 10, 0, 10, 0, -10, 10, ]; -21884.5; [-10, -10, -10, -10, 10, 10, 10, 10, -10, -10, -10, 10, 10, -10, -10, 10, 0, 10, 0, 10, 10, ];
0; 0; 0.9; -798.219; 4331.26; 148; -51.6525; [10, -10, -10, 10, -10, 10, 10, 10, -10, -10, 10, 0, 10, 0, 0, 10, -10, 10, -10, -10, 10, ]; -74.6734; [-10, -10, -10, -10, 0, 10, -10, 10, -10, -10, 10, 10, 10, 0, 0, 10, 0, 10, 0, 10, 10, ]; -41113.6; [-10, 0, -10, 10, 0, -10, -10, 10, -10, -10, 10, 0, 10, -10, 0, -10, 0, 0, -10, 10, -10, ];
0; 0; 0.9; -151.717; 224.721; 149; -51.6525; [10, -10, -10, 10, -10, 10, 10, 10, -10, -10, 10, 0, 10, 0, 0, 10, -10, 10, -10, -10, 10, ]; -73.7968; [10, 0, -10, 10, -10, 10, -10, 0, -10, 0, 10, 0, 10, 0, -10, 10, 0, 0, -10, 10, 10, ]; -1441.84; [0, 0, 0, 0, -10, 10, 10, 0, 10, -10, -10, 0, 0, 0, 10, 10, -10, 0, 0, -10, 10, ];
0; 0; 0.9; -157.751; 256.197; 150; -51.5892; [10, -10, -10, 10, -10, 10, 10, 10, -10, -10, -10, 0, 10, 0, 0, 10, 0, 10, -10, -10, 10, ]; -73.5725; [-10, -10, -10, 0, 10, 10, 10, 10, -10, 0, -10, 0, 10, -10, -10, 10, -10, 10, 0, -10, 10, ]; -1687.97; [-10, 0, -10, 0, -10, 10, 10, 10, -10, -10, 10, 0, 10, -10, -10, -10, -10, 10, 0, -10, 10, ];
0; 0; 0.9; -179.774; 391.868; 151; -54.2679; [-10, 0, 10, -10, -10, 10, 10, 10, -10, 0, 0, 10, 0, -10, 10, 10, -10, 0, 0, 10, -10, ]; -74.6156; [-10, 0, 10, 10, 0, 10, 10, 10, -10, -10, 10, 10, 10, 0, 0, -10, 0, 10, 0, -10, 10, ]; -3435.93; [10, 0, -10, -10, -10, -10, 10, 10, -10, -10, 0, 0, 0, -10, 10, 10, 0, 0, -10, -10, -10, ];
0; 0; 0.9; -206.477; 594.225; 152; -55.1394; [-10, -10, 10, 10, 10, 10, 10, 10, -10, -10, 10, 10, 10, -10, 0, 10, -10, 0, -10, -10, -10, ]; -75.0856; [10, -10, 0, -10, -10, 10, 10, 10, -10, -10, 0, 0, 10, -10, 0, 0, -10, 0, -10, -10, 10, ]; -5087.35; [-10, -10, -10, 0, -10, 10, 10, 10, -10, 0, -10, 0, 0, -10, 10, 10, -10, 0, 0, -10, -10, ];
0; 0; 0.9; -494.385; 2620.86; 153; -52.0427; [10, 0, -10, -10, 10, 10, 10, 10, -10, -10, 10, 10, 10, 0, 0, 10, -10, 10, -10, -10, 10, ]; -73.0788; [-10, 0, 10, 10, -10, 10, 10, 0, -10, -10, 10, 0, 10, 0, 10, -10, 0, 0, -10, -10, -10, ]; -25779.4; [-10, -10, -10, -10, -10, 10, 10, 10, -10, 0, 0, 0, 0, -10, 10, 10, -10, 0, 0, -10, -10, ];
0; 0; 0.9; -392.112; 1146.36; 154; -52.0427; [10, 0, -10, -10, 10, 10, 10, 10, -10, -10, 10, 10, 10, 0, 0, 10, -10, 10, -10, -10, 10, ]; -77.3755; [-10, 0, 10, 10, -10, -10, -10, 10, -10, -10, 10, 0, 10, 0, 0, -10, 0, 0, -10, 10, 10, ]; -8104.91; [-10, 0, 0, 0, 10, 10, -10, 10, 10, 0, 0, 0, 10, 0, 0, 10, -10, 10, 0, 10, 10, ];
0; 0; 0.9; -209.547; 485.052; 155; -55.1394; [-10, -10, 10, 10, 10, 10, 10, 10, -10, -10, 10, 10, 10, -10, 0, 10, -10, 0, -10, -10, -10, ]; -76.8323; [10, 0, 10, 10, -10, -10, -10, 10, -10, -10, 0, 0, 10, -10, -10, 10, -10, 10, 0, 10, 10, ]; -4194.98; [-10, 0, -10, -10, -10, -10, -10, 10, -10, 0, 0, 10, 10, -10, 0, 10, -10, 0, -10, -10, -10, ];
0; 0; 0.9; -930.319; 4807.65; 156; -44.6899; [-10, 0, -10, -10, -10, -10, -10, 10, -10, 0, 0, 0, 10, 0, 0, 10, -10, 10, 0, 10, 10, ]; -75.2436; [10, -10, 0, 10, -10, 10, 10, 10, -10, 0, 10, 0, 10, -10, 0, -10, -10, 0, -10, -10, 10, ]; -41109.2; [-10, 0, 0, -10, -10, 0, -10, -10, -10, -10, -10, 0, 10, -10, 10, 0, -10, -10, 10, 0, -10, ];
0; 0; 0.9; -269.412; 567.745; 157; -44.6899; [-10, 0, -10, -10, -10, -10, -10, 10, -10, 0, 0, 0, 10, 0, 0, 10, -10, 10, 0, 10, 10, ]; -75.9718; [10, 0, 10, -10, -10, 10, 10, 10, -10, 0, 0, -10, 0, -10, 10, 10, 0, 0, 10, -10, 10, ]; -4196.22; [10, -10, -10, 0, 0, 0, 10, 10, -10, 0, -10, 10, 0, -10, -10, 10, 0, 0, 0, -10, 10, ];
0; 0; 0.9; -171.653; 274.444; 158; -44.6899; [-10, 0, -10, -10, -10, -10, -10, 10, -10, 0, 0, 0, 10, 0, 0, 10, -10, 10, 0, 10, 10, ]; -71.9078; [-10, 0, -10, 0, 10, -10, -10, 10, -10, 0, 0, 0, 10, -10, 0, 10, -10, 10, 0, 10, 10, ]; -1687.79; [10, -10, -10, -10, -10, 0, 10, 10, -10, 0, -10, 10, 10, -10, -10, 10, -10, 0, 0, 10, 10, ];
0; 0; 0.9; -734.318; 4242.09; 159; -44.6899; [-10, 0, -10, -10, -10, -10, -10, 10, -10, 0, 0, 0, 10, 0, 0, 10, -10, 10, 0, 10, 10, ]; -71.7686; [-10, -10, 0, 10, 10, -10, 10, 10, -10, 0, 10, 0, 10, 0, 0, -10, -10, 10, 0, 10, 10, ]; -41113.3; [-10, 0, -10, 0, -10, 10, -10, 10, -10, -10, 0, 0, 10, -10, -10, 10, -10, 10, 0, 10, 10, ];
0; 0; 0.9; -9422.1; 75986.8; 160; -44.6899; [-10, 0, -10, -10, -10, -10, -10, 10, -10, 0, 0, 0, 10, 0, 0, 10, -10, 10, 0, 10, 10, ]; -73.681; [-10, 0, -10, -10, 0, 0, 10, 10, 0, -10, -10, 0, 10, 0, -10, -10, 0, 10, 0, 10, 10, ]; -755177; [-10, -10, 0, -10, -10, 10, -10, 10, -10, -10, 10, 0, 10, -10, -10, 10, -10, 10, 0, -10, 10, ];
0; 0; 0.9; -1181.25; 5838.85; 161; -50.2619; [10, -10, 10, -10, -10, 10, 10, 10, -10, -10, 0, 10, 10, -10, 10, -10, -10, 10, 0, -10, 10, ]; -73.6163; [-10, 0, 0, 10, -10, 10, 10, 10, -10, -10, 0, 0, 10, -10, -10, 10, -10, 10, 0, -10, 10, ]; -41117.7; [-10, -10, 0, -10, -10, 10, -10, 10, -10, -10, 0, 0, 10, -10, -10, 10, -10, 10, 0, 10, 10, ];
0; 0; 0.9; -609.461; 2526.8; 162; -61.2048; [10, 0, 10, -10, -10, 10, -10, 10, -10, 0, 0, 10, 10, -10, -10, 0, 0, 10, 0, 0, 10, ]; -72.6278; [-10, 0, 10, 0, 10, 10, -10, 10, -10, -10, 10, 0, 10, -10, -10, -10, 0, 10, 0, 10, 10, ]; -18493.1; [-10, -10, 0, -10, 10, 0, -10, -10, -10, -10, 10, -10, 10, -10, -10, 10, 0, 10, 0, -10, -10, ];
0; 0; 0.9; -310.048; 922.549; 163; -61.2048; [10, 0, 10, -10, -10, 10, -10, 10, -10, 0, 0, 10, 10, -10, -10, 0, 0, 10, 0, 0, 10, ]; -72.5517; [10, 0, -10, -10, 10, 0, -10, 10, -10, 0, 10, 0, 10, -10, -10, 10, 0, 0, 10, 10, 10, ]; -8810.59; [10, -10, 10, -10, -10, 0, 10, 10, -10, -10, -10, 10, 10, -10, -10, -10, 0, 10, 0, 10, -10, ];
0; 0; 0.9; -731.643; 3705.25; 164; -58.6957; [-10, 0, 0, -10, -10, 0, -10, 10, -10, -10, -10, 0, 0, 0, 10, 0, 0, -10, 10, -10, 10, ]; -72.1952; [-10, -10, -10, 10, -10, 0, -10, 10, -10, -10, 10, 10, 10, -10, -10, 10, 0, 10, 0, 10, 10, ]; -35330.2; [-10, -10, 0, -10, 10, -10, 10, 10, -10, -10, 10, -10, 10, -10, -10, -10, 0, 10, 0, 10, 10, ];
0; 0; 0.9; -1304.19; 10324.7; 165; -52.9586; [-10, 0, 10, 10, 0, -10, -10, 10, -10, -10, 10, 10, 10, 0, 0, -10, 0, 10, -10, -10, 10, ]; -71.5196; [-10, 0, -10, 10, -10, 0, 10, 10, -10, -10, 10, 10, 10, -10, -10, 10, 0, 0, 0, 10, 10, ]; -103543; [-10, 0, -10, -10, -10, 10, 10, 10, -10, -10, 10, 10, 10, -10, -10, 10, -10, 10, 0, -10, 10, ];
0; 0; 0.9; -449.078; 1944.06; 166; -52.9586; [-10, 0, 10, 10, 0, -10, -10, 10, -10, -10, 10, 10, 10, 0, 0, -10, 0, 10, -10, -10, 10, ]; -71.3568; [-10, 0, 10, -10, -10, 10, -10, 10, -10, 0, 0, 0, 10, -10, 10, 10, 0, 10, 0, -10, 10, ]; -18489.7; [10, 0, -10, -10, -10, 0, -10, 10, -10, -10, 0, 10, 10, -10, -10, 10, -10, 10, 0, 10, 10, ];
0; 0; 0.9; -442.537; 3002.49; 167; -60.2037; [-10, 0, 10, -10, -10, 10, -10, 10, -10, 0, 10, 0, 10, 0, 10, 10, 0, 10, 0, -10, 10, ]; -72.9098; [0, -10, 0, -10, 10, 10, 10, 10, -10, -10, 10, 0, 0, -10, -10, -10, 0, 10, 0, 10, 10, ]; -30243.9; [10, 0, -10, -10, -10, 0, 10, 10, -10, -10, -10, 10, 10, -10, 0, 10, -10, 10, 0, 10, 10, ];
0; 0; 0.9; -284.468; 473.684; 168; -59.4067; [0, -10, -10, -10, -10, -10, -10, 10, -10, 0, 10, 0, 10, 0, -10, -10, 0, 10, 0, 10, 10, ]; -75.2833; [0, 0, -10, 10, -10, -10, -10, 0, -10, -10, 0, 10, 10, -10, -10, 10, 0, 0, 0, 0, 10, ]; -2796.03; [-10, -10, 0, -10, -10, 10, 10, -10, -10, -10, -10, 10, 10, -10, -10, 0, 0, -10, 10, 0, -10, ];
0; 0; 0.9; -371.502; 1004.1; 169; -59.4067; [0, -10, -10, -10, -10, -10, -10, 10, -10, 0, 10, 0, 10, 0, -10, -10, 0, 10, 0, 10, 10, ]; -73.3566; [10, 0, -10, 0, 10, 10, 10, 10, -10, 0, 0, 0, 10, -10, -10, 10, -10, 0, 0, 10, -10, ]; -6145.32; [-10, 0, 0, -10, 10, 0, 10, 10, -10, -10, 0, 10, 10, -10, -10, 10, -10, 10, -10, -10, 10, ];
0; 0; 0.9; -2068.31; 13827.4; 170; -52.7581; [-10, 0, -10, -10, -10, 10, 10, 10, 10, 0, 0, 0, 10, -10, 10, -10, 0, 10, 0, 10, -10, ]; -75.4955; [-10, -10, 10, -10, -10, 10, 10, 10, -10, -10, 10, 10, 10, -10, 10, 10, 0, 10, 0, -10, 10, ]; -136839; [-10, 0, -0, -10, -10, -10, -10, 10, -10, -10, -10, 10, 10, -10, -10, 10, -10, 10, 0, 10, -10, ];
0; 0; 0.9; -602.395; 2678.68; 171; -62.1278; [-10, 0, 0, 10, 10, 10, -10, 0, 10, -10, 10, 10, 10, -10, 0, -10, -10, 0, -10, -10, 10, ]; -75.8001; [10, 0, 0, -10, 10, 0, -10, 10, -10, -10, -10, 10, 10, -10, -10, 10, -10, 0, -10, 10, 10, ]; -25781.9; [-10, -10, 10, -10, 10, 10, 10, -10, -10, -10, 10, 0, 10, -10, -10, 10, 0, 10, 0, -10, 10, ];
0; 0; 0.9; -453.546; 1240.65; 172; -56.0309; [10, -10, -10, -10, 0, 0, 10, 10, -10, 0, 10, 10, 10, 0, -10, 10, 0, 10, 0, 10, -10, ]; -76.8689; [10, -10, -10, 10, -10, 0, 10, 10, 0, -10, 10, 10, 10, 0, -10, 10, 0, 10, 0, 10, 10, ]; -8808.57; [0, -10, 10, -10, -10, 10, 10, 10, -10, -10, 10, 10, 10, -10, -10, 10, 0, -10, -10, 10, 10, ];
0; 0; 0.9; -2052.59; 12334; 173; -42.6662; [-10, 0, 10, 10, -10, 0, 10, -10, 10, -10, 10, 0, 10, -10, 0, 10, 0, 10, 0, -10, 10, ]; -73.3164; [10, -10, -10, -10, 0, 10, 10, 10, -10, 0, 10, 0, 10, -10, -10, 10, 0, 10, 0, 10, -10, ]; -119225; [-10, 0, 10, -10, 0, 10, -10, 10, -10, 0, 10, 10, 10, -10, -10, -10, 0, 0, -10, -10, -10, ];
0; 0; 0.9; -914.369; 4378.13; 174; -42.6662; [-10, 0, 10, 10, -10, 0, 10, -10, 10, -10, 10, 0, 10, -10, 0, 10, 0, 10, 0, -10, 10, ]; -73.24; [10, 0, -10, -10, 0, 10, 10, 10, -10, 0, 10, 0, 10, -10, -10, 10, -10, 10, 0, 10, 10, ]; -35326.5; [-10, -10, -10, -10, -10, 10, 10, 10, -10, -10, 10, 0, 10, -10, -10, -10, 0, -10, -10, 10, 10, ];
0; 0; 0.9; -395.854; 1126.98; 175; -42.6662; [-10, 0, 10, 10, -10, 0, 10, -10, 10, -10, 10, 0, 10, -10, 0, 10, 0, 10, 0, -10, 10, ]; -72.7599; [10, 0, -10, -10, 0, 10, 10, 10, 0, 0, 10, 0, 10, -10, -10, 10, 0, 0, 0, 10, 10, ]; -7375.94; [10, 0, -10, -10, -10, 10, 10, 10, -10, -10, 10, 0, 10, 0, -10, 10, 0, 0, 0, 10, 10, ];
0; 0; 0.9; -394.558; 1285.07; 176; -49.4392; [0, -10, 0, -10, 10, 10, 10, 10, -10, -10, -10, 0, 0, -10, 10, 10, 0, 0, 0, 10, 10, ]; -72.4187; [10, 0, -10, -10, -10, 10, 10, 10, -10, -10, 10, 0, 0, 0, -10, 10, 0, 10, 0, 10, 10, ]; -8805.38; [-10, -10, 0, 10, -10, -10, 10, -10, 0, -10, 10, 10, 10, 10, -10, 10, 0, 10, 0, 10, 10, ];
0; 0; 0.9; -345.239; 1069.73; 177; -49.4392; [0, -10, 0, -10, 10, 10, 10, 10, -10, -10, -10, 0, 0, -10, 10, 10, 0, 0, 0, 10, 10, ]; -75.8179; [0, -10, 0, -10, -10, 10, 10, 10, -10, -10, 10, 0, 10, -10, 0, 10, 0, 10, -10, 10, 10, ]; -9064.72; [-10, 0, 10, 10, 0, 10, 10, 10, -10, 0, 10, 0, 10, 10, -10, 10, 0, 10, 0, 10, 10, ];
0; 0; 0.9; -272.595; 624.691; 178; -49.4392; [0, -10, 0, -10, 10, 10, 10, 10, -10, -10, -10, 0, 0, -10, 10, 10, 0, 0, 0, 10, 10, ]; -76.5646; [0, -10, -10, -10, 0, 10, 0, -10, 10, 0, 0, 10, 10, 10, -10, -10, 0, 10, 0, 10, 10, ]; -5089.75; [-10, -10, -10, -10, -10, -10, 0, -10, 10, 0, 10, 0, 0, 10, -10, 10, 0, 10, 0, -10, 10, ];
0; 0; 0.9; -1813.89; 15558.9; 179; -49.4392; [0, -10, 0, -10, 10, 10, 10, 10, -10, -10, -10, 0, 0, -10, 10, 10, 0, 0, 0, 10, 10, ]; -75.6452; [-10, -10, -10, -10, -10, 10, 0, -10, 10, 0, 10, 0, 10, 0, -10, 10, 0, 10, 0, 10, 10, ]; -156576; [-10, -10, -10, -10, 0, -10, 0, 10, -10, -10, 0, 0, 0, -10, -10, 10, 0, 10, 0, -10, 10, ];
0; 0; 0.9; -455.808; 1220.79; 180; -55.0045; [0, 0, -10, -10, -10, 10, 10, 10, 10, 0, 10, 0, 10, -10, -10, 10, 0, 0, -10, -10, 10, ]; -74.5848; [10, -10, -10, -10, 0, -10, 10, 10, 10, 0, 0, 0, 10, -10, -10, 10, 0, 10, -10, 10, 10, ]; -8812.32; [0, -10, 10, -10, -10, 10, 10, 10, -10, 0, -10, 0, 0, -10, -10, 10, 0, 0, -10, 10, 10, ];
0; 0; 0.9; -573.73; 3539.44; 181; -55.0045; [0, 0, -10, -10, -10, 10, 10, 10, 10, 0, 10, 0, 10, -10, -10, 10, 0, 0, -10, -10, 10, ]; -72.7177; [0, 0, 0, 0, -10, 10, 10, -10, -10, -10, 10, 0, 0, -10, -10, -10, 0, 10, -10, -10, 10, ]; -35328.1; [10, -10, -10, -10, 0, 10, 0, 10, -10, -10, 10, 0, 0, -10, -10, 10, 0, 10, 0, 10, 10, ];
0; 0; 0.9; -1972.55; 17757.8; 182; -37.1447; [10, -10, 10, 10, -10, 10, 10, 10, -10, -10, 10, 0, 0, -10, -10, 10, 0, 10, 0, -10, 10, ]; -71.7007; [0, -10, -10, 0, 0, 10, 0, 10, 10, -10, 0, 0, 10, -10, -10, -10, 0, 10, 0, 10, 10, ]; -178631; [10, -10, -10, -10, 10, 0, 10, 10, -10, -10, 10, 10, 10, -10, -10, -10, 0, 10, 0, 10, -10, ];
0; 0; 0.9; -208.594; 360.003; 183; -55.0045; [0, 0, -10, -10, -10, 10, 10, 10, 10, 0, 10, 0, 10, -10, -10, 10, 0, 0, -10, -10, 10, ]; -72.304; [0, 0, -10, 0, 0, 10, 10, -10, 10, -10, 0, 0, 10, -10, -10, -10, 0, 10, 0, -10, 10, ]; -1690.23; [0, -10, 0, -10, 10, 10, 10, 10, -10, 0, 10, 10, 0, -10, -10, 10, -10, 0, 0, -10, -10, ];
0; 0; 0.9; -769.666; 4100.28; 184; -55.0045; [0, 0, -10, -10, -10, 10, 10, 10, 10, 0, 10, 0, 10, -10, -10, 10, 0, 0, -10, -10, 10, ]; -72.4575; [-10, 0, 10, -10, 0, 10, 10, 10, -10, -10, 10, 10, 10, 0, -10, 10, 0, 0, -10, -10, 10, ]; -35329; [0, -10, -10, -10, -10, 10, 0, 10, 0, -10, -10, 0, 10, -10, -10, -10, 0, 10, 0, -10, 10, ];
0; 0; 0.9; -319.621; 1150.9; 185; -59.9811; [10, -10, 10, 10, 10, 10, 0, 10, -10, -10, 10, 0, 0, -10, -10, -10, 0, 10, 0, -10, 10, ]; -72.9496; [10, 0, -10, -10, -10, 10, 0, 10, 10, 0, 0, 0, 10, 0, -10, 10, 0, 0, -10, -10, 10, ]; -8810.66; [-10, -10, 0, -10, 0, 10, 10, 10, -10, -10, -10, -10, 0, 0, -10, -10, 0, 10, 0, -10, -10, ];
0; 0; 0.9; -163.252; 258.306; 186; -59.9811; [10, -10, 10, 10, 10, 10, 0, 10, -10, -10, 10, 0, 0, -10, -10, -10, 0, 10, 0, -10, 10, ]; -74.0157; [10, -10, 10, -10, 10, 10, 0, 10, 0, -10, 10, 0, 10, 0, -10, -10, 0, 10, 0, -10, 10, ]; -1689.46; [0, 0, -10, -10, -10, 10, -10, -10, -10, 0, 10, 0, 10, -10, 0, 10, 0, 0, 0, 10, -10, ];
0; 0; 0.9; -586.978; 3117.85; 187; -64.1376; [10, 0, -10, 10, -10, 10, 10, 10, -10, -10, 10, 0, 10, 0, -10, 10, -10, 10, 0, 10, 10, ]; -72.5892; [10, 0, -10, -10, 10, 10, 10, 10, -10, 0, 10, 0, 10, 0, -10, 10, 0, 10, -10, -10, 10, ]; -30244.1; [10, -10, -10, -10, -10, 10, 10, 10, -10, -10, 0, 10, 0, 0, -10, -10, 0, 10, -10, 10, -10, ];
0; 0; 0.9; -189.227; 323.892; 188; -61.6902; [10, -10, -10, 0, 10, 10, 10, 10, 10, -10, 0, 0, 0, -10, -10, 10, 0, -10, 10, -10, 0, ]; -72.136; [0, -10, -10, -10, -10, 10, 10, 10, -10, 0, 0, 0, 10, -10, 0, 10, 0, 0, 0, -10, -10, ]; -1689.46; [0, 0, -10, -10, -10, 10, -10, -10, -10, 0, 10, 0, 10, -10, 0, 10, 0, 0, 0, 10, -10, ];
0; 0; 0.9; -195.86; 546.481; 189; -64.8926; [10, -10, 0, 0, 10, 10, 10, 10, -10, -10, 10, 10, 10, 0, -10, -10, 0, 10, 0, -10, 10, ]; -71.699; [10, -10, 10, -10, 10, 10, 10, 10, -10, -10, 10, 10, 10, -10, -10, -10, 0, 10, 0, 10, 10, ]; -5091.68; [10, -10, 0, -10, 0, 10, 10, 10, -10, -10, 0, 0, 10, -10, -10, -10, 0, 10, 0, -10, -10, ];
0; 0; 0.9; -260.619; 806.097; 190; -60.1211; [10, 0, -10, 10, 10, 10, 10, 10, -10, -10, 10, 0, 10, -10, -10, 10, 0, 10, 0, -10, 10, ]; -72.5181; [10, -10, 10, -10, 10, 10, 10, 10, -10, -10, 0, 10, 10, 0, -10, 10, 0, 10, 0, 10, 10, ]; -6143.74; [10, -10, -10, -10, 10, 10, -10, 10, -10, -10, 10, 0, 10, -10, -10, -10, 0, 10, 0, 10, 10, ];
0; 0; 0.9; -398.122; 2020.95; 191; -60.1211; [10, 0, -10, 10, 10, 10, 10, 10, -10, -10, 10, 0, 10, -10, -10, 10, 0, 10, 0, -10, 10, ]; -71.3426; [-10, 0, 0, -10, 10, 10, 10, 10, -10, -10, 0, 10, 10, -10, -10, 10, 0, 0, 0, -10, 10, ]; -18492.8; [-10, 0, -10, -10, 10, 10, -10, 10, -10, -10, 0, 10, 10, 0, -10, -10, 0, 10, 0, 10, 10, ];
0; 0; 0.9; -546.007; 2060.67; 192; -60.3355; [0, -10, 10, 10, 10, 10, 10, 10, -10, -10, 0, 10, 10, 0, -10, -10, 0, 0, 0, -10, 10, ]; -71.699; [10, -10, 10, -10, 10, 10, 10, 10, -10, -10, 10, 10, 10, -10, -10, -10, 0, 10, 0, 10, 10, ]; -18492.8; [-10, 0, -10, -10, 10, 10, -10, 10, -10, -10, 0, 10, 10, 0, -10, -10, 0, 10, 0, 10, 10, ];
0; 0; 0.9; -155.252; 251.826; 193; -60.3355; [0, -10, 10, 10, 10, 10, 10, 10, -10, -10, 0, 10, 10, 0, -10, -10, 0, 0, 0, -10, 10, ]; -71.4237; [10, 10, 0, -10, 10, 10, 10, 10, -10, -10, 0, 10, 10, 0, -10, 10, -10, -10, 10, 10, -10, ]; -1687; [10, 0, -10, -10, 10, 10, 10, 10, -10, -10, 10, 10, 10, -10, -10, -10, 0, 10, 0, -10, 10, ];
0; 0; 0.9; -156.027; 255.457; 194; -60.3355; [0, -10, 10, 10, 10, 10, 10, 10, -10, -10, 0, 10, 10, 0, -10, -10, 0, 0, 0, -10, 10, ]; -70.9182; [-10, -10, 0, -10, 10, 10, 10, 10, -10, -10, 0, 10, 10, 0, -10, 10, 0, 0, 0, 10, 10, ]; -1588.17; [0, 0, 0, -10, 10, 10, 10, 0, -10, 0, 0, 0, 10, -10, 10, 10, 0, 0, 0, 10, -10, ];
0; 0; 0.9; -632.731; 4117.96; 195; -58.3229; [-10, 0, 0, -10, 0, 10, 10, 10, -10, -10, 10, 0, 10, -10, -10, 10, 0, 0, 0, 10, 10, ]; -70.9991; [10, -10, 10, -10, 10, 10, -10, 10, -10, -10, 10, 10, 10, 0, -10, 10, 0, 10, 0, -10, 10, ]; -41111.1; [-10, 0, 0, -10, -10, 0, 10, 10, -10, -10, -10, -10, 0, -10, -10, -10, 0, -10, 0, -10, -10, ];
0; 0; 0.9; -7884.46; 60248.5; 196; -58.3229; [-10, 0, 0, -10, 0, 10, 10, 10, -10, -10, 10, 0, 10, -10, -10, 10, 0, 0, 0, 10, 10, ]; -70.1896; [10, -10, 0, -10, 10, 10, 10, 10, -10, -10, 10, 10, 10, 0, -10, 10, 0, 10, 0, 10, 10, ]; -596881; [10, -10, 0, -10, 10, 10, 10, 10, -10, -10, 0, 10, 10, 0, -10, 10, 0, 0, 0, 10, 10, ];
0; 0; 0.9; -452.777; 3013.59; 197; -59.3175; [-10, -10, 0, -10, 10, 10, 10, 10, -10, -10, 10, 0, 10, 0, -10, -10, -0, 0, 0, -10, 10, ]; -70.0702; [-10, -10, 0, -10, 10, 10, 10, 10, -10, -10, 10, 10, 10, 0, -10, 10, 0, 10, 0, 10, 10, ]; -30240.7; [-10, -10, 0, -10, -10, 10, -10, 10, -10, -10, -10, -10, 0, 0, -10, -10, 0, 0, 0, 10, 10, ];
0; 0; 0.9; -223.084; 583.381; 198; -57.6177; [-10, -10, 0, -10, 10, 10, -10, 10, -10, -10, 10, 10, 10, 0, -10, -10, 0, 10, 0, -10, 10, ]; -71.6981; [10, -10, 0, -10, 10, 10, -10, 10, -10, -10, 10, 10, 0, 0, -10, -10, 0, 0, 0, 10, 10, ]; -4193.21; [0, -10, 0, -10, 10, 10, 10, 10, -10, -10, 10, 0, 10, 0, -10, -10, 0, 10, 0, -10, 10, ];
0; 0; 0.9; -291.921; 1017.55; 199; -57.6177; [-10, -10, 0, -10, 10, 10, -10, 10, -10, -10, 10, 10, 10, 0, -10, -10, 0, 10, 0, -10, 10, ]; -71.0766; [10, -10, -10, -10, 10, 10, 10, 10, -10, -10, 10, 0, 0, 0, -10, 10, 0, 0, 10, -10, 10, ]; -8805.96; [0, -10, 0, -10, 10, 10, 0, 10, -10, -10, 10, 0, 10, 0, -10, -10, 0, 10, 10, -10, 10, ];
