mean;stdev;acceptation;E(fitness);sigma(fitness);Generation;fitness1;Genes(Scores(0,1),:);fitness50;Genes(Scores(49,1),:);fitness100;Genes(Scores(99,1),:);
0; 0; 0.9; -594.97; 1624.61; 0; -60.7295; [-10, 10, -10, 10, -10, 10, 10, 10, 0, 0, 10, -10, -10, 10, -10, 0, 10, -10, -10, 0, 10, ]; -86.7727; [0, -10, 10, 0, -10, 0, 0, 0, 10, 10, -10, 10, -10, -10, 0, 0, 10, 10, 0, 0, -10, ]; -12502.8; [10, 10, 10, 0, 10, 10, 0, 0, 0, 0, 10, 10, -10, -10, 0, 10, 10, 10, 0, 0, 10, ];
0; 0; 0.9; -815.476; 3695.74; 1; -60.7295; [-10, 10, -10, 10, -10, 10, 10, 10, 0, 0, 10, -10, -10, 10, -10, 0, 10, -10, -10, 0, 10, ]; -79.0277; [-10, 10, 0, -10, -10, 10, -10, 10, -10, 0, 10, 10, 0, -10, 10, 10, 10, 10, 0, 10, -10, ]; -30243.3; [0, -10, 0, 0, 10, 0, -10, 0, -10, 0, 0, -10, -10, -10, 0, -10, -10, 0, -10, 10, -10, ];
0; 0; 0.9; -244.019; 431.109; 2; -58.7776; [-10, 10, -10, 0, -10, 0, 0, 10, -10, 0, 0, -10, 0, 10, 0, 10, 0, 0, 0, 0, 10, ]; -80.1489; [0, 0, -10, -10, 0, 10, 10, 10, 10, 10, 0, 10, 0, -10, -10, 10, 0, 0, 0, -10, 10, ]; -3120.52; [10, 10, 10, 10, 0, 0, 10, 10, 10, 10, 10, 0, 0, 0, -10, 0, -10, 10, -10, 0, -10, ];
0; 0; 0.9; -394.076; 1438.35; 3; -55.0126; [-10, 0, 0, 0, -10, 0, 10, 0, 10, 10, -10, 0, 0, -10, 10, 10, -10, 0, 0, -10, 10, ]; -78.6346; [-10, 0, 10, 10, 0, 10, -10, -10, 10, 10, 10, 10, 0, -10, 0, 10, -10, 10, 10, -10, -10, ]; -12985.8; [0, 0, -10, 10, 0, 10, -10, 10, 0, 10, 0, 10, 10, 10, 10, 10, 0, 0, 0, 10, 0, ];
0; 0; 0.9; -652.821; 4100.85; 4; -41.0591; [-10, 0, 10, 0, -10, 10, 0, -10, -10, 0, 0, 10, 0, 10, -10, 10, 10, 10, -10, -10, -10, ]; -75.1505; [-10, 0, 0, 0, 10, 0, 0, -10, 0, 0, 10, -10, -10, 10, -10, 10, 10, 0, -10, -10, -10, ]; -41113.9; [0, 10, 0, -10, 0, 0, -10, 0, 10, -10, 0, 0, -10, -10, -10, 10, -10, 0, 0, 10, 10, ];
0; 0; 0.9; -216.177; 646.793; 5; -55.0126; [-10, 0, 0, 0, -10, 0, 10, 0, 10, 10, -10, 0, 0, -10, 10, 10, -10, 0, 0, -10, 10, ]; -72.9522; [0, 0, -0, 0, 0, 0, -10, 0, -10, 10, 10, -10, -10, -10, 10, 10, -10, 0, -10, 10, 10, ]; -6144.03; [-10, -10, 0, 10, 10, -10, 0, 0, -10, 10, -10, -10, -10, 10, -10, 10, -10, 0, 0, -10, -10, ];
0; 0; 0.9; -320.928; 1230.08; 6; -52.3168; [-10, 0, 0, 10, 10, -10, 0, 0, -10, 10, -10, 10, -10, 10, -10, 10, 0, -10, 0, 0, -10, ]; -72.9977; [-10, 10, 0, 0, -10, 10, 0, 10, -10, 10, -10, -10, -10, 10, 0, 10, 0, 10, -10, -10, -10, ]; -8811.29; [0, 10, -10, 0, 10, -10, 0, -10, -10, 0, 0, -10, -10, 10, -10, -10, 0, 0, -10, -10, 10, ];
0; 0; 0.9; -612.82; 4101.84; 7; -52.3168; [-10, 0, 0, 10, 10, -10, 0, 0, -10, 10, -10, 10, -10, 10, -10, 10, 0, -10, 0, 0, -10, ]; -74.4102; [-10, 0, 0, 10, -10, 0, -10, 0, -10, -10, 10, -10, 0, 0, 10, 10, -10, 0, -10, -10, 10, ]; -41110.3; [-10, 10, 0, -10, -10, 10, -10, -10, -10, -10, -10, -10, -10, 10, 0, 0, -10, 0, 0, 10, -10, ];
0; 0; 0.9; -5600.18; 52585.2; 8; -57.9195; [10, 10, 0, 10, 10, 10, -10, 0, -10, -10, -10, -10, -10, 10, 0, 0, 0, -10, 0, 0, -10, ]; -75.5646; [-10, 0, 10, 0, -10, 10, -0, 10, -10, 10, 0, 10, -10, 10, -10, 10, -10, 10, 0, 10, -10, ]; -528767; [-10, -10, -10, 10, 10, 10, 0, 10, 0, 10, -10, -10, -10, 10, -10, 10, -10, 0, 0, -10, 10, ];
0; 0; 0.9; -5974.25; 52707.8; 9; -56.9217; [-10, 10, -10, 0, 0, 10, -0, 10, -10, 10, 0, -10, 0, -10, 10, 10, 10, 10, 0, 10, -10, ]; -74.229; [-10, 0, 10, 10, 10, 10, -10, 10, -10, 0, 10, 10, -10, 10, -10, 0, -10, -10, -10, 0, 10, ]; -528767; [-10, -10, -10, 10, 10, 10, 0, 10, 0, 10, -10, -10, -10, 10, -10, 10, -10, 0, 0, -10, 10, ];
0; 0; 0.9; -375.815; 1855.61; 10; -58.8474; [10, 0, 0, 10, 0, 0, 0, 0, -10, 0, -10, -10, 0, 10, -10, -10, -10, -10, -10, -10, -10, ]; -75.7878; [10, 0, 10, -10, -10, 10, -10, 0, 10, 0, -10, -10, 0, 10, 0, 10, 0, 0, 10, 0, -10, ]; -18492.9; [10, -10, 10, 0, -10, -10, -10, 10, 0, -10, 0, 10, -10, -10, 0, 10, 0, -10, 10, 0, -10, ];
0; 0; 0.9; -831.244; 4206.57; 11; -52.6739; [10, -10, -10, 10, -10, 10, 10, 10, -10, -10, 10, 0, 0, 10, 10, 0, 10, 10, -10, -10, 10, ]; -75.7878; [10, 0, 10, -10, -10, 10, -10, 0, 10, 0, -10, -10, 0, 10, 0, 10, 0, 0, 10, 0, -10, ]; -41112.5; [10, -10, -10, 0, -10, -10, -10, 0, 10, 0, -10, 10, 0, 10, 0, 10, -10, -10, 0, -10, -10, ];
0; 0; 0.9; -1739.9; 6374.4; 12; -52.6739; [10, -10, -10, 10, -10, 10, 10, 10, -10, -10, 10, 0, 0, 10, 10, 0, 10, 10, -10, -10, 10, ]; -80.0403; [0, 0, -10, 10, 10, 0, -10, -10, -10, 0, 10, -10, -10, 10, 10, -10, -10, 10, -10, 0, 10, ]; -41112.5; [10, -10, -10, 0, -10, -10, -10, 0, 10, 0, -10, 10, 0, 10, 0, 10, -10, -10, 0, -10, -10, ];
0; 0; 0.9; -617.429; 2495.48; 13; -52.6739; [10, -10, -10, 10, -10, 10, 10, 10, -10, -10, 10, 0, 0, 10, 10, 0, 10, 10, -10, -10, 10, ]; -75.6192; [10, 0, -10, 10, -10, 10, 10, 0, -10, -10, 10, -10, -10, -10, 0, -10, 0, 0, 0, -10, 0, ]; -21885.3; [-10, -10, -10, 0, 10, -10, -10, 0, -10, -10, 0, -10, 0, 10, -10, 0, -10, 10, 0, -10, 0, ];
0; 0; 0.9; -1169.4; 8939.67; 14; -57.7783; [0, 0, -10, 10, 10, 10, -10, 0, -10, 0, 0, -10, 0, 10, 10, 0, -10, 0, 0, -10, -10, ]; -73.305; [0, 0, -10, 10, 10, -10, -10, 0, 10, 10, -10, -10, 0, 10, 10, 0, -10, 0, 0, -10, -10, ]; -89612.3; [-10, 0, -10, 0, -10, 0, 0, 0, -10, -10, -10, -10, -10, -10, 10, 0, -10, 0, 0, -10, -10, ];
0; 0; 0.9; -187.273; 313.709; 15; -58.5311; [10, -10, 10, 0, 0, -10, -10, 10, 0, -10, 0, 10, -10, -10, 0, 10, 0, -10, 10, 10, -10, ]; -72.967; [10, -10, 0, 10, 10, 10, 0, 0, 0, 10, -10, -10, 0, 10, -10, -10, 0, 0, -10, -10, 0, ]; -1703.25; [10, 0, 10, 10, -10, 10, 0, 10, -10, 10, 10, -10, 10, 10, -10, 10, 10, 0, -10, 10, 0, ];
0; 0; 0.9; -1192.98; 4704.76; 16; -59.4508; [-0, 10, -10, 0, 10, 10, -10, 0, 10, 10, 0, -10, -10, 10, 0, 0, -10, 0, 0, -10, 0, ]; -77.8464; [-10, -10, -10, 0, -10, -10, 0, 0, 0, 10, -10, -10, 10, 10, 0, 0, 10, 0, -10, -10, 0, ]; -35323.5; [-0, 0, -10, -10, -10, -10, -10, -10, -10, 0, 0, 0, -10, 10, -10, 10, -10, 0, -10, -10, 0, ];
0; 0; 0.9; -390.505; 1704.19; 17; -59.4508; [-0, 10, -10, 0, 10, 10, -10, 0, 10, 10, 0, -10, -10, 10, 0, 0, -10, 0, 0, -10, 0, ]; -73.0238; [-10, -10, 0, 10, 0, 10, 10, 10, 0, 10, -10, 0, -10, 0, -10, 0, 0, 0, -10, -10, 10, ]; -15550.6; [-10, -10, -10, 0, -10, 10, 0, 10, 0, 0, -10, -10, 0, 10, -10, -10, -10, -10, -10, -10, 0, ];
0; 0; 0.9; -231.541; 535.454; 18; -54.258; [-10, 10, -10, 0, -10, -10, 10, 0, 10, 10, 0, -10, 10, -10, 0, 0, -10, 0, 0, 0, 10, ]; -73.0142; [-10, -10, 0, 10, 10, -10, 10, 0, -10, 10, 10, -10, -10, 10, -10, 10, 0, 0, -10, -10, -10, ]; -3436.54; [-10, 0, -10, 0, 10, 10, 0, -10, 0, 0, -10, -10, -10, 10, -10, -10, -10, -10, -10, -10, 0, ];
0; 0; 0.9; -2464.22; 14626.7; 19; -54.258; [-10, 10, -10, 0, -10, -10, 10, 0, 10, 10, 0, -10, 10, -10, 0, 0, -10, 0, 0, 0, 10, ]; -72.5248; [-10, -10, -10, 0, 10, 0, 10, 0, -10, 0, -10, 0, 0, 10, -10, 10, -10, 0, -10, -10, 0, ]; -136845; [-0, 0, -10, 0, -10, 10, -10, 0, -10, 0, 0, -10, -10, 10, -10, 10, -10, 0, 0, -10, -10, ];
0; 0; 0.9; -217.614; 610.793; 20; -50.0014; [10, 10, 10, 10, 10, -10, 0, 10, -10, -10, 10, 0, -10, 10, -10, 10, -10, 0, -10, -10, -10, ]; -72.3583; [10, -10, 0, 0, -10, 0, -10, 10, -10, 10, 10, 10, -10, 0, -10, 10, -10, 0, 10, -10, -10, ]; -5092.22; [-0, 0, -10, 10, 10, 10, -10, 0, -10, 0, 10, -10, 0, -10, -10, 0, -10, 0, 0, -10, -10, ];
0; 0; 0.9; -580.253; 4083.43; 21; -60.4016; [-10, 0, 0, 10, 10, 10, 10, -10, 0, 10, -10, 10, -10, -10, 0, 0, 10, 0, -10, -10, -10, ]; -74.5654; [-0, 0, -10, 0, 10, 10, 10, -10, -10, 0, 10, -10, 0, 10, -10, 0, 0, 0, 0, 0, 10, ]; -41113.8; [-10, -10, -10, 0, 0, -10, 10, -10, 0, 10, 10, -10, 0, 0, 0, 0, -10, 10, -10, -10, 10, ];
0; 0; 0.9; -2124.98; 15915.4; 22; -54.7519; [-10, 0, 0, 0, -10, 0, 10, -10, -10, 0, 10, 0, 10, -10, 0, 0, 0, 0, 0, -10, 10, ]; -75.5424; [-10, 10, -10, 10, 10, 10, 0, 10, 0, 10, -10, -10, -10, 10, -10, 0, 10, -10, -10, -10, 0, ]; -156576; [-0, 0, 0, 10, 0, -10, -10, -10, -10, 0, -10, -10, -10, -10, 0, 0, -10, 0, 0, -10, -10, ];
0; 0; 0.9; -613.654; 4084.87; 23; -57.388; [10, 0, -10, 0, 0, 10, 10, -10, 0, 10, 10, -10, 10, -10, -10, 0, 0, 10, -10, -10, 10, ]; -74.2644; [-10, -10, 10, 10, -10, 0, 0, 0, 0, 10, 10, 0, -10, -10, 0, 10, -10, 0, -10, 10, 0, ]; -41110.7; [10, -10, -10, 0, -10, -10, 10, -10, 0, 0, 10, -10, -10, -10, -10, 0, 10, -10, 10, 0, 10, ];
0; 0; 0.9; -6249.6; 59369.6; 24; -57.388; [10, 0, -10, 0, 0, 10, 10, -10, 0, 10, 10, -10, 10, -10, -10, 0, 0, 10, -10, -10, 10, ]; -73.4143; [-10, 10, -10, 0, -10, -10, 0, 10, 10, 10, 0, 0, -10, 10, 0, 0, -10, 0, 0, -10, 0, ]; -596884; [10, 0, 10, 0, -10, 10, 10, -10, -10, -10, -10, -10, -10, 10, 0, 0, -10, -10, 0, -10, 0, ];
0; 0; 0.9; -233.593; 525.157; 25; -57.388; [10, 0, -10, 0, 0, 10, 10, -10, 0, 10, 10, -10, 10, -10, -10, 0, 0, 10, -10, -10, 10, ]; -73.1078; [-10, 0, -10, 0, -10, 0, 0, 0, -10, 0, 10, 0, -10, -10, 0, -10, 0, 0, 0, 10, 0, ]; -4194.06; [-10, 10, -10, 0, -10, 10, -10, 10, 0, -10, 10, -10, -10, 10, -10, 0, -10, -10, -10, 10, 0, ];
0; 0; 0.9; -1738.35; 15564; 26; -59.6335; [-10, 10, 10, 0, -10, -10, 10, 10, 0, 0, 0, 10, -10, -10, -10, -10, 0, -10, -10, 10, 10, ]; -75.8498; [10, -10, 10, 0, 0, 10, 10, 0, -10, 0, 0, 10, -10, -10, 0, -10, 0, -10, 0, 0, 0, ]; -156576; [-10, 0, -10, 0, -10, 0, 0, -10, 0, -10, -10, -10, 10, 10, 0, 0, -10, -10, -10, -10, 0, ];
0; 0; 0.9; -2035.8; 14038.9; 27; -55.3298; [10, 0, -10, 10, -10, 10, 0, 10, 0, -10, 10, 0, 10, -10, -10, 10, 0, 10, -10, -10, 0, ]; -75.6548; [10, 10, -10, 10, 0, 0, 0, 10, 0, -10, 10, -10, 10, -10, -10, 0, -10, 10, -10, 0, 0, ]; -136840; [-10, -10, -10, 0, 0, -10, 10, 10, 0, -10, -10, 10, -10, -10, 0, 10, -10, -10, 10, 10, -10, ];
0; 0; 0.9; -582.6; 3554.18; 28; -56.4905; [-10, 10, -10, 0, 10, -10, 10, 0, 0, 0, 0, 10, -10, 10, 0, 0, 10, 0, -10, -10, 0, ]; -75.7945; [-10, 0, -10, 10, 0, 10, -10, -10, 0, 0, 10, -10, -10, 10, 0, 0, 10, -10, -10, -10, 10, ]; -35329.5; [10, -10, 10, 0, -10, 10, -10, -10, -10, -10, 0, 0, -10, -10, 0, 10, 0, -10, 0, 0, 10, ];
0; 0; 0.9; -537.782; 3518.15; 29; -59.5919; [10, -10, 10, 10, 0, -10, 10, 0, 0, 0, 0, 0, -10, -10, 0, 0, -10, 0, 0, 0, 0, ]; -72.6342; [-10, -10, 10, 10, -10, 10, -10, 10, -10, 0, 10, 10, -10, 10, -10, 0, 10, -10, -10, 0, 10, ]; -35329.5; [10, -10, 10, 0, -10, 10, -10, -10, -10, -10, 0, 0, -10, -10, 0, 10, 0, -10, 0, 0, 10, ];
0; 0; 0.9; -1046.09; 5761.63; 30; -55.7196; [-10, 10, -10, 10, -10, 10, 10, 10, 0, 0, 10, -10, -10, 10, -10, 0, 10, -10, 0, 0, 10, ]; -73.318; [-10, 0, -10, 10, -10, 0, 10, 10, 0, -10, 10, -10, -10, 10, 0, 0, 10, -10, -10, 0, 10, ]; -41111.4; [-10, -10, -10, 0, 10, -10, 0, 0, -10, 10, 0, -10, -10, 10, -10, 0, -10, 0, -10, -10, -10, ];
0; 0; 0.9; -6690.97; 59402.8; 31; -58.7369; [10, 0, -10, 10, 10, -10, 10, 0, 0, 0, 10, -10, -10, 10, 0, 0, -10, -10, -10, -10, 0, ]; -71.913; [-10, -10, -10, 10, -10, 10, 0, 0, 0, -10, 10, -10, -10, 10, -10, -10, 10, -10, -10, -10, 0, ]; -596878; [-10, -10, -10, 10, -10, 10, 0, 0, 0, 0, 0, -10, -10, 0, -10, -10, -10, -10, -10, -10, 0, ];
0; 0; 0.9; -2371.86; 17995.9; 32; -55.4013; [-10, 10, -10, 10, -10, 10, 10, 0, 0, 0, 0, -10, -10, 0, -10, 0, 10, 0, -10, 0, 10, ]; -73.3533; [-10, -10, 0, 0, 10, 10, 0, 10, 0, -10, 10, -10, -10, 10, -10, 0, 10, 0, -10, 0, 10, ]; -178634; [-10, 10, -10, 10, -10, 10, 0, 10, -10, 0, -10, -10, -10, 10, -10, 0, -10, -10, -10, 0, -10, ];
0; 0; 0.9; -134.19; 220.366; 33; -55.4013; [-10, 10, -10, 10, -10, 10, 10, 0, 0, 0, 0, -10, -10, 0, -10, 0, 10, 0, -10, 0, 10, ]; -72.7714; [-10, 10, -10, 10, -10, 10, 10, 0, 0, 0, 10, -10, -10, 0, -10, 0, -10, -10, -10, 0, -10, ]; -1678.71; [-10, 10, -10, 10, -10, 10, 10, 0, -10, 10, -10, 0, -10, 10, -10, 0, 0, 0, -10, 0, 10, ];
0; 0; 0.9; -214.728; 648.859; 34; -55.4013; [-10, 10, -10, 10, -10, 10, 10, 0, 0, 0, 0, -10, -10, 0, -10, 0, 10, 0, -10, 0, 10, ]; -73.5306; [10, -10, -10, 10, -10, 10, 0, 0, 0, 0, 10, -10, -10, 0, 0, 0, 10, 0, -10, -10, -10, ]; -6143.75; [-10, -10, -10, 10, 10, 10, 0, 0, -10, 10, 0, 10, -10, 10, -10, 10, -10, -10, -10, -10, 10, ];
0; 0; 0.9; -722.76; 4224.29; 35; -55.4013; [-10, 10, -10, 10, -10, 10, 10, 0, 0, 0, 0, -10, -10, 0, -10, 0, 10, 0, -10, 0, 10, ]; -71.9554; [-10, 10, -10, 0, 10, 0, -10, 10, 0, -10, 10, 10, -10, -10, 0, -10, 10, 0, -10, -10, 0, ]; -41119.7; [-10, 10, -10, 10, -10, -10, 0, 0, 0, 10, 10, 0, -10, -10, -10, 0, 10, -10, -10, 0, 10, ];
0; 0; 0.9; -156.906; 515.398; 36; -54.1248; [-10, 10, -10, 10, -10, 10, 10, 0, 0, 0, -10, -10, -10, 0, -10, 0, 10, -10, 0, 0, 10, ]; -71.6557; [-10, 10, -10, 10, 10, 10, -10, 10, 0, 0, 10, -10, -10, 10, -10, 0, 10, -10, -10, 0, 10, ]; -5090.16; [-10, 10, -10, 10, -10, 0, -10, 0, -10, 10, -10, 0, -10, -10, 0, 0, 10, -10, -10, 0, 10, ];
0; 0; 0.9; -215.948; 528.908; 37; -54.9118; [-10, 10, -10, 10, -10, -10, -10, 10, 0, 10, -10, -10, 10, 10, 0, 0, 10, 0, -10, -10, 0, ]; -72.2909; [10, 0, -10, 10, -10, -10, 10, -10, -10, 0, 10, -10, 10, 10, 0, 0, 10, 0, 0, -10, 0, ]; -4258.67; [10, 10, -10, 10, 10, 10, 10, 0, 0, 0, 10, -10, 10, 10, -10, 0, 10, 0, 0, -10, -10, ];
0; 0; 0.9; -906.942; 4949.9; 38; -54.9118; [-10, 10, -10, 10, -10, -10, -10, 10, 0, 10, -10, -10, 10, 10, 0, 0, 10, 0, -10, -10, 0, ]; -71.9554; [-10, 10, -10, 0, 10, 0, -10, 10, 0, -10, 10, 10, -10, -10, 0, -10, 10, 0, -10, -10, 0, ]; -35330.5; [-0, -10, -10, 10, -10, -10, 0, 0, 0, -10, 0, 0, -10, 10, 0, 0, 10, 0, 0, -10, 10, ];
0; 0; 0.9; -1726; 11035.8; 39; -53.8505; [-10, 10, -10, 0, -10, 10, 0, 0, 0, 0, 10, -10, -10, -10, -10, 0, 10, -10, -10, 10, 10, ]; -72.3917; [10, 10, -10, 10, -10, 0, 0, 0, -10, 0, -10, 0, -10, -10, 0, 0, 10, 0, 0, -10, -0, ]; -103542; [-10, 10, -10, 0, -10, 10, 0, 10, -10, -10, 10, 10, -10, 10, -10, -10, 10, -10, -10, -10, 0, ];
0; 0; 0.9; -605.249; 4103.04; 40; -59.0646; [10, 10, -10, 0, -10, -10, 0, 10, 0, 0, 10, -10, -10, -10, 10, 0, 0, -10, 0, -10, 0, ]; -71.1491; [10, -10, 10, 0, 0, -10, -10, 10, 0, -10, 0, 10, -10, -10, 0, 10, 0, -10, 10, 10, -10, ]; -41111.9; [-10, 10, -10, 10, -10, -10, -10, -10, 0, 0, 10, -10, -10, 0, -10, 0, 10, -10, 0, -10, 10, ];
0; 0; 0.9; -219.535; 625.915; 41; -59.0646; [10, 10, -10, 0, -10, -10, 0, 10, 0, 0, 10, -10, -10, -10, 10, 0, 0, -10, 0, -10, 0, ]; -73.475; [-10, -10, 0, 10, -10, -10, 0, 10, 0, 0, 0, 10, -10, 10, 0, 0, 0, 0, -10, -10, -10, ]; -5093.94; [-10, 10, -10, 10, -10, 0, -10, 10, 0, 10, 10, -10, -10, 0, 0, -10, 10, -10, -10, -10, 0, ];
0; 0; 0.9; -756.446; 4355.76; 42; -47.0865; [-10, 0, -10, 0, -10, -10, 0, 10, -10, 10, 10, -10, -10, 10, 0, 0, 0, -10, -10, 0, 0, ]; -76.0714; [-10, -10, -10, 10, 10, 10, 10, 0, 0, 0, 0, 0, -10, 10, -10, 10, 10, -10, -10, 10, -10, ]; -41107.7; [-10, 0, 0, -10, -10, -10, -10, -10, 10, 0, -10, 10, -10, -10, -10, 10, 10, -10, 10, 0, -10, ];
0; 0; 0.9; -982.27; 4605.63; 43; -47.0865; [-10, 0, -10, 0, -10, -10, 0, 10, -10, 10, 10, -10, -10, 10, 0, 0, 0, -10, -10, 0, 0, ]; -73.8766; [-10, -10, -10, 10, -10, -10, 0, 10, 0, 0, 10, 10, -10, -10, -10, -0, 0, -10, 10, 0, 10, ]; -35334.1; [-10, 0, -10, 10, -10, -10, 10, 0, 0, 10, 0, 0, -10, 10, -10, 0, 0, 0, -10, 0, 10, ];
0; 0; 0.9; -425.733; 1341.67; 44; -47.0865; [-10, 0, -10, 0, -10, -10, 0, 10, -10, 10, 10, -10, -10, 10, 0, 0, 0, -10, -10, 0, 0, ]; -71.6884; [-10, -10, -10, 10, -10, -10, 10, 0, 0, 0, -10, 10, -10, 10, 0, 0, 10, 0, -10, 0, 10, ]; -7369.68; [-10, 10, -10, 10, -10, -10, -10, 10, 0, 0, 10, 10, -10, -10, -10, 0, 10, -10, 0, 10, 10, ];
0; 0; 0.9; -516.881; 3508.65; 45; -47.0865; [-10, 0, -10, 0, -10, -10, 0, 10, -10, 10, 10, -10, -10, 10, 0, 0, 0, -10, -10, 0, 0, ]; -72.3967; [-10, 0, 0, 10, 0, -10, 0, 10, -10, 10, 10, -10, -10, 10, 0, 0, 0, -10, -10, -10, 10, ]; -35325; [-10, 0, -10, 0, 10, -10, -10, 10, 0, 0, 10, -10, 0, -10, -10, -10, 0, -10, -10, -10, 0, ];
0; 0; 0.9; -345.857; 1114.91; 46; -47.0865; [-10, 0, -10, 0, -10, -10, 0, 10, -10, 10, 10, -10, -10, 10, 0, 0, 0, -10, -10, 0, 0, ]; -76.9111; [10, -10, 10, 0, 0, -10, -10, 0, 0, 0, 10, -10, -10, 0, 0, 0, 10, -10, -10, 10, 10, ]; -8800.05; [-10, 10, -10, 10, -10, -10, 0, 10, 0, 0, 10, -10, -10, -10, -10, 0, 10, -10, 0, 10, -10, ];
0; 0; 0.9; -1964.7; 17759.1; 47; -48.3473; [-10, 0, -10, 10, -10, -10, 10, 10, -10, 0, 10, 10, -10, 10, 0, 0, 0, -10, 10, 0, 10, ]; -73.0844; [-10, 0, -10, 10, -10, -10, 10, 10, -10, 0, 10, 10, -10, 10, 0, -10, 0, 0, 10, -10, 0, ]; -178632; [-10, 0, 0, 0, -10, -10, 0, 0, -10, 10, -10, -10, -10, 10, -10, 10, -10, 0, -10, -10, -10, ];
0; 0; 0.9; -261.523; 610.666; 48; -48.3473; [-10, 0, -10, 10, -10, -10, 10, 10, -10, 0, 10, 10, -10, 10, 0, 0, 0, -10, 10, 0, 10, ]; -74.1961; [10, 0, 0, 0, -10, -10, -10, 10, -10, 0, 0, -10, -10, 0, 10, 0, 10, -10, -10, 10, 10, ]; -4196.32; [-10, -10, -10, 0, 10, -10, -10, 10, 0, -10, 10, 10, -10, 10, -10, -10, 10, -10, -10, -10, 10, ];
0; 0; 0.9; -284.737; 838.935; 49; -48.3473; [-10, 0, -10, 10, -10, -10, 10, 10, -10, 0, 10, 10, -10, 10, 0, 0, 0, -10, 10, 0, 10, ]; -72.95; [-10, 10, -0, 10, 10, 10, -10, 0, 0, 10, -10, -10, -10, 10, -10, 10, 10, 0, -10, -10, -10, ]; -7374.54; [-10, 0, -10, 10, -10, -10, -10, 0, -10, 0, 10, 10, -10, -10, 0, -10, 0, -10, -10, 0, 10, ];
0; 0; 0.9; -354.306; 1236.05; 50; -48.3473; [-10, 0, -10, 10, -10, -10, 10, 10, -10, 0, 10, 10, -10, 10, 0, 0, 0, -10, 10, 0, 10, ]; -72.9582; [10, 10, -10, 10, -10, 10, -10, 10, 0, 0, 10, 10, -10, 10, 0, -10, 10, -10, 10, -10, 10, ]; -8810.67; [10, 10, 0, 10, -10, -10, -10, 10, -10, 0, -10, -10, -10, 0, 10, -10, 10, -10, -10, 10, 0, ];
0; 0; 0.9; -717.647; 3289.32; 51; -48.86; [10, 0, 0, 0, 0, -10, 10, 10, 0, 0, -10, 10, -10, 10, -10, 0, 10, -10, -10, 0, 10, ]; -72.9817; [10, 0, 0, 10, -10, -10, -10, 10, 0, 0, 0, -10, -10, 10, 10, -10, 10, -10, -10, 10, 10, ]; -30240.4; [-10, 10, -10, 10, -10, -10, 0, 0, -10, 10, -10, -10, -10, 10, -10, 10, -10, 0, 10, -10, -10, ];
0; 0; 0.9; -2112.83; 10387.6; 52; -48.86; [10, 0, 0, 0, 0, -10, 10, 10, 0, 0, -10, 10, -10, 10, -10, 0, 10, -10, -10, 0, 10, ]; -72.9101; [10, 10, -10, 0, -10, -10, 0, -10, 0, -10, 10, 10, -10, 10, 0, 10, 10, -10, 10, 10, 10, ]; -89619.9; [-10, -10, 0, 0, -10, -10, -10, 10, 0, 0, 10, 10, -10, 10, 0, -10, 10, -10, 10, -10, 10, ];
0; 0; 0.9; -2273.02; 17983; 53; -48.86; [10, 0, 0, 0, 0, -10, 10, 10, 0, 0, -10, 10, -10, 10, -10, 0, 10, -10, -10, 0, 10, ]; -73.9712; [-10, 0, 10, 10, -10, 10, -10, 10, 0, 0, 10, 10, -10, -10, 0, 10, 0, -10, 10, 10, 0, ]; -178631; [-10, 0, -10, 0, -10, -10, -10, 0, -10, 0, -10, -10, -10, -10, -10, -10, -10, 0, -10, 10, -10, ];
0; 0; 0.9; -436.557; 3002.58; 54; -48.86; [10, 0, 0, 0, 0, -10, 10, 10, 0, 0, -10, 10, -10, 10, -10, 0, 10, -10, -10, 0, 10, ]; -74.4899; [10, -10, 10, 10, -10, 10, -10, 10, 0, 0, 0, 10, -10, -10, 0, 10, 0, -10, 10, 10, 0, ]; -30241.5; [-10, 0, 0, 0, 10, -10, -10, 10, -10, 0, 0, -10, -10, -10, 0, 0, -10, -10, -10, -10, -10, ];
0; 0; 0.9; -2150.56; 16052.6; 55; -57.3155; [-10, 10, 0, 0, 10, -10, 0, 0, 0, 0, 10, 10, -10, 10, 0, -10, 0, 0, 10, -10, -10, ]; -72.3261; [-10, 10, 0, 10, 10, -10, 0, -10, -10, 0, -10, 10, -10, 10, -10, 10, 10, -10, 10, -10, 10, ]; -156580; [-10, 10, 0, 10, 10, -10, -10, 0, 0, 10, -10, -10, -10, -10, -10, 10, 0, -10, -10, -10, -10, ];
0; 0; 0.9; -255.969; 731.066; 56; -56.2191; [-10, 10, -10, 10, 10, -10, -10, 10, 0, 0, 10, -10, -10, 10, 0, 0, 10, -10, -10, -10, 10, ]; -74.3934; [-10, -10, -10, 10, 0, -10, -10, 0, 0, 0, 10, 10, -10, 10, 0, 10, 0, 0, 10, 10, -10, ]; -5092.86; [-10, 10, 0, 0, 10, -10, 0, 0, -10, 10, -10, -10, -10, 10, -10, 10, -10, 0, -10, -10, -10, ];
0; 0; 0.9; -447.645; 1428.93; 57; -56.2191; [-10, 10, -10, 10, 10, -10, -10, 10, 0, 0, 10, -10, -10, 10, 0, 0, 10, -10, -10, -10, 10, ]; -78.7069; [10, 0, 10, -10, -10, 10, -10, -10, 10, 0, 10, 10, 0, -10, 0, 10, 0, -10, 10, 0, -10, ]; -8812.6; [-10, -10, 10, 0, -10, 10, 10, -10, 0, 0, 0, 10, -10, -10, 10, 0, 0, -10, 10, 10, 0, ];
0; 0; 0.9; -926.687; 4074.37; 58; -56.2191; [-10, 10, -10, 10, 10, -10, -10, 10, 0, 0, 10, -10, -10, 10, 0, 0, 10, -10, -10, -10, 10, ]; -76.5778; [10, 0, 10, 10, 10, -10, -10, 10, 0, 0, 10, -10, -10, 10, 0, 10, 10, -10, -10, -10, 10, ]; -30243; [-10, 0, 0, 10, 10, -10, -10, 10, -10, 0, -10, -10, -10, 10, -10, -10, 10, -10, -10, -10, -10, ];
0; 0; 0.9; -252.944; 908.284; 59; -57.816; [-10, 10, 0, 10, 10, -10, 0, 10, 0, 0, 10, -10, -10, 10, -10, 0, 10, 0, -10, -10, -10, ]; -72.8849; [-10, 0, 0, 10, 10, -10, 0, 10, -10, 10, -10, 10, -10, 10, 0, 10, 10, -10, -0, -10, 10, ]; -8806.81; [-10, -10, -10, 10, 10, -10, -10, -10, -10, 0, 0, 10, -10, 10, 0, 10, 10, -10, -0, -10, -10, ];
0; 0; 0.9; -501.939; 3079.13; 60; -55.157; [-10, 0, 0, 10, 10, -10, -10, 10, 0, 0, 10, -10, -10, 10, 0, -10, 10, -10, -10, -10, 10, ]; -74.3934; [-10, -10, -10, 10, 0, -10, -10, 0, 0, 0, 10, 10, -10, 10, 0, 10, 0, 0, 10, 10, -10, ]; -30241.7; [-10, -10, -10, 10, 10, -10, -10, 10, -10, -10, 10, 10, -10, 10, -10, 10, 10, 0, -0, -10, -10, ];
0; 0; 0.9; -232.169; 763.719; 61; -55.157; [-10, 0, 0, 10, 10, -10, -10, 10, 0, 0, 10, -10, -10, 10, 0, -10, 10, -10, -10, -10, 10, ]; -72.7961; [-10, 10, -10, 10, 10, -10, 10, 0, -10, 0, 10, -10, -10, -10, 0, 10, -10, 0, -0, 10, 10, ]; -7381.05; [-10, 10, -10, 10, 10, -10, 0, 0, -10, 10, -10, -10, -10, 10, -10, 10, -10, -10, -0, -10, -10, ];
0; 0; 0.9; -211.164; 561.359; 62; -52.3793; [-10, 0, 0, 10, -10, -10, 0, 0, -10, 0, 10, -10, -10, 10, 0, 10, 0, 0, 10, 10, -10, ]; -75.759; [-10, 10, 0, 10, 10, -10, -10, 10, -10, 0, -10, -10, -10, -10, 0, 10, 10, -10, -10, 10, -10, ]; -5091.1; [10, -10, 0, 0, 0, -10, -10, -10, -10, -10, 10, -10, 0, 10, 0, 10, 0, -10, -10, 10, 10, ];
0; 0; 0.9; -490.721; 1529.16; 63; -54.2942; [10, 0, -10, 10, 10, -10, 0, 10, 0, 0, -10, -10, 0, 10, 0, 10, 0, -10, -10, -10, 10, ]; -73.7648; [10, 10, 10, -10, -10, -10, 0, 10, 0, 10, 10, 10, -10, -10, 0, 10, 10, -10, -10, 0, -10, ]; -8810.33; [10, 0, -10, 0, 0, -10, -10, -10, -10, 0, 10, -10, -10, -10, 0, 0, 0, 0, 0, 0, 10, ];
0; 0; 0.9; -3787.79; 24984.9; 64; -54.2942; [10, 0, -10, 10, 10, -10, 0, 10, 0, 0, -10, -10, 0, 10, 0, 10, 0, -10, -10, -10, 10, ]; -73.3545; [10, 10, -10, 10, -10, -10, 0, 10, -10, -10, 0, -10, -10, -10, 0, 10, 10, -10, 0, 10, 10, ]; -178635; [10, -10, 10, 0, -10, -10, -10, 10, 0, 10, 10, 10, -10, -10, 0, 10, 10, -10, 10, 0, -10, ];
0; 0; 0.9; -2770.58; 17942.8; 65; -49.8512; [-10, -10, -10, 0, 0, -10, 10, 10, 0, 0, 10, -10, 10, -10, 0, 0, 10, 0, 0, -10, -10, ]; -73.8846; [10, 10, 10, 10, 0, -10, -10, 10, -10, 0, 10, -10, -10, 10, 0, -10, 0, -10, -0, -10, 10, ]; -136841; [-10, -10, 0, 10, -10, -10, -10, -10, 0, 0, -10, -10, -10, 10, 0, 10, 10, 0, -10, -10, -10, ];
0; 0; 0.9; -265.331; 802.075; 66; -49.8512; [-10, -10, -10, 0, 0, -10, 10, 10, 0, 0, 10, -10, 10, -10, 0, 0, 10, 0, 0, -10, -10, ]; -74.0925; [10, 0, 0, 10, 0, -10, -10, 10, 0, 0, 10, -10, 0, 10, 0, 10, 10, -10, -10, -10, 10, ]; -7376.31; [10, 0, -10, 10, -10, -10, 10, 10, -10, -10, -10, 10, -10, -10, 0, 10, 0, 0, -10, -10, 10, ];
0; 0; 0.9; -847.632; 4671.12; 67; -50.1419; [-10, 10, 0, 10, 10, -10, 10, 10, 0, 10, 10, -10, -10, 10, -10, 10, 10, -10, -0, -10, 10, ]; -72.2857; [10, 10, 10, 10, 0, -10, -10, 10, -10, 0, 0, 10, -10, 10, 0, 10, -10, 0, 0, -10, -10, ]; -41113.7; [10, 10, -10, 10, -10, -10, 0, -10, -10, 0, 0, -10, -10, 10, 0, 10, 0, -10, -10, -10, 10, ];
0; 0; 0.9; -313.214; 992.477; 68; -50.1419; [-10, 10, 0, 10, 10, -10, 10, 10, 0, 10, 10, -10, -10, 10, -10, 10, 10, -10, -0, -10, 10, ]; -71.1491; [10, -10, 10, 0, 0, -10, -10, 10, 0, -10, 0, 10, -10, -10, 0, 10, 0, -10, 10, 10, -10, ]; -8809.47; [10, 10, -10, 10, -10, -10, 0, 0, -10, -10, -10, -10, -10, 10, -10, 10, -10, 0, -10, -10, 10, ];
0; 0; 0.9; -627.903; 3198.73; 69; -50.1419; [-10, 10, 0, 10, 10, -10, 10, 10, 0, 10, 10, -10, -10, 10, -10, 10, 10, -10, -0, -10, 10, ]; -71.059; [-10, 0, 10, 10, 0, -10, 0, 10, -10, -10, -10, 10, -10, 10, 0, -10, -10, -10, -10, 10, -10, ]; -30241.9; [10, -10, -10, 10, 10, -10, -10, -10, -10, -10, -10, -10, -10, 10, 0, 10, -10, -10, -10, -10, 10, ];
0; 0; 0.9; -580.423; 3092.43; 70; -50.1419; [-10, 10, 0, 10, 10, -10, 10, 10, 0, 10, 10, -10, -10, 10, -10, 10, 10, -10, -0, -10, 10, ]; -70.983; [10, 0, 10, 10, 0, -10, 0, 10, 0, -10, -10, 10, -10, 10, 0, -10, -10, -10, -10, -10, -10, ]; -30242.3; [10, 10, -10, 10, -10, -10, -10, 10, 0, -10, 10, 10, -10, 10, -10, 10, 0, -10, -10, -10, -10, ];
0; 0; 0.9; -245.399; 968.384; 71; -50.1419; [-10, 10, 0, 10, 10, -10, 10, 10, 0, 10, 10, -10, -10, 10, -10, 10, 10, -10, -0, -10, 10, ]; -72.0388; [10, 0, 10, 0, 10, -10, 0, 10, -10, -10, 10, 10, -10, 10, 0, 10, 0, -10, -10, -10, 10, ]; -8807.68; [-10, -10, 0, 10, 10, -10, 0, 0, 0, 0, -10, -10, -10, 10, 0, 0, 0, -10, -10, -10, 10, ];
0; 0; 0.9; -712.141; 4179.02; 72; -50.1419; [-10, 10, 0, 10, 10, -10, 10, 10, 0, 10, 10, -10, -10, 10, -10, 10, 10, -10, -0, -10, 10, ]; -72.8549; [10, 0, 0, 10, 0, -10, -10, 10, 0, 0, 0, -10, -10, 10, 0, -10, 0, -10, -10, -10, 10, ]; -41112.6; [-10, 0, -10, 10, -10, -10, -10, 10, 0, 0, 10, -10, -10, 10, -10, 10, -10, -10, -10, -10, 0, ];
0; 0; 0.9; -345.471; 1080.86; 73; -50.1419; [-10, 10, 0, 10, 10, -10, 10, 10, 0, 10, 10, -10, -10, 10, -10, 10, 10, -10, -0, -10, 10, ]; -75.5771; [-10, 10, -10, 10, 10, -10, 10, 10, 0, 0, 10, -10, -10, 10, -10, 10, 0, -10, 10, -10, 10, ]; -7379.35; [10, -10, -10, 10, 10, -10, 0, 10, 0, 0, 10, -10, -10, 10, -10, 10, 0, -10, 0, -10, -10, ];
0; 0; 0.9; -623.244; 4123.57; 74; -55.8282; [10, 0, 10, 0, 0, -10, 10, 10, 0, 10, -10, -10, -10, 10, -10, -10, 10, -10, -0, -10, 0, ]; -73.4168; [10, 10, -10, 10, 10, -10, 0, 10, 0, -10, 10, 10, 0, 10, 0, -10, 0, -10, -10, -10, -10, ]; -41113.5; [-10, 10, -10, 10, -10, -10, 10, 10, 0, 0, 10, 10, -10, 10, 0, -10, -10, 0, -10, -10, -10, ];
0; 0; 0.9; -562.026; 4099.01; 75; -56.5871; [-10, 10, -10, 10, -10, -10, -10, 10, 0, 0, 10, 10, -10, 10, 0, -10, -10, -10, -10, -10, 0, ]; -73.4521; [10, 10, 0, 10, 0, -10, 0, 10, 0, -10, 0, 10, -10, -10, -10, 10, 0, 0, -0, -10, -10, ]; -41113.5; [-10, 10, -10, 10, -10, -10, 10, 10, 0, 0, 10, 10, -10, 10, 0, -10, -10, 0, -10, -10, -10, ];
0; 0; 0.9; -574.867; 4098.07; 76; -56.5871; [-10, 10, -10, 10, -10, -10, -10, 10, 0, 0, 10, 10, -10, 10, 0, -10, -10, -10, -10, -10, 0, ]; -72.0272; [-10, -10, 0, 10, 0, -10, 10, 10, 0, 0, -10, -10, -10, 10, -10, -10, 10, 0, -10, 10, 0, ]; -41112.6; [-10, 0, 0, 10, 0, -10, 10, 0, -10, 0, 10, -10, -10, -10, -10, 10, -10, -10, -10, -10, -10, ];
0; 0; 0.9; -510.718; 2043.43; 77; -43.0023; [10, 0, -10, 0, -10, -10, 10, 10, 0, 0, 10, 10, -10, 10, 0, 10, 0, 0, 0, -10, -10, ]; -71.5962; [-10, 0, -10, 0, 10, -10, 10, 10, 0, 0, 10, -10, -10, 10, -10, 10, -10, 0, -10, -10, 0, ]; -18492.7; [-10, 10, 0, 10, -10, -10, -10, 10, 0, -10, 10, -10, -10, 10, -10, 0, 0, -10, -10, -10, -10, ];
0; 0; 0.9; -282.469; 733.314; 78; -43.0023; [10, 0, -10, 0, -10, -10, 10, 10, 0, 0, 10, 10, -10, 10, 0, 10, 0, 0, 0, -10, -10, ]; -72.2788; [10, -10, 0, 10, 0, -10, 0, 10, 0, 0, -10, 10, -10, 10, -10, 10, 0, -10, -10, -10, 0, ]; -5088.31; [10, 10, -10, 0, -10, -10, -10, 10, 0, -10, 10, 10, -10, 10, -10, -10, 10, -10, -10, -10, 10, ];
0; 0; 0.9; -242.268; 847.308; 79; -48.4162; [10, 0, 10, 10, 10, -10, 10, 10, -10, 0, -10, -10, -10, -10, 0, 0, 0, 0, -0, -10, -10, ]; -71.97; [10, 10, -10, 10, 10, -10, 10, 10, 0, 10, 10, 10, -10, 10, -10, -10, -10, -10, 0, -10, 10, ]; -7377.79; [-10, -10, 0, 10, -10, -10, -10, 10, 0, 0, 10, 10, -10, 10, -10, 10, 0, 0, -10, -10, 0, ];
0; 0; 0.9; -256.245; 682.831; 80; -55.5586; [10, 0, 0, 0, 10, -10, -10, 10, -10, 0, 10, 10, -10, 10, -10, 10, 10, -10, 0, -10, 0, ]; -73.3263; [10, 10, 10, 10, 10, -10, 10, 10, 0, 0, 10, -10, -10, 10, 0, -10, 10, 0, -0, -10, 10, ]; -5095.94; [10, 0, 0, 0, 0, -10, -10, 10, -10, 0, -10, -10, -10, 10, -10, 0, 0, 0, -10, -10, -10, ];
0; 0; 0.9; -322.59; 914.174; 81; -55.5586; [10, 0, 0, 0, 10, -10, -10, 10, -10, 0, 10, 10, -10, 10, -10, 10, 10, -10, 0, -10, 0, ]; -73.6849; [10, 0, 0, 0, 0, -10, -10, 10, 0, 0, -10, 10, -10, 10, -10, 10, 0, 0, 0, -10, 0, ]; -7377.09; [-10, 10, 0, 10, 10, -10, -10, 10, 0, 0, -10, -10, -10, 10, -10, 0, 0, -10, 0, -10, -10, ];
0; 0; 0.9; -643.955; 4118.76; 82; -52.8195; [10, 10, 0, 10, 10, -10, 10, 10, 0, 0, -10, 10, -10, 10, 0, 0, 0, 0, -10, -10, -10, ]; -72.8692; [10, -10, 0, 10, 10, -10, -10, 10, 0, 10, -10, -10, -10, 10, -10, 10, 10, -10, 10, 10, -10, ]; -41115.6; [-10, 0, 0, 10, 10, -10, 0, 0, -10, 10, 10, -10, -10, 10, -10, 10, -10, 0, -10, -10, -10, ];
0; 0; 0.9; -416.785; 2587.28; 83; -52.9375; [10, 10, 0, 0, 10, -10, -10, 10, -10, 0, 10, 10, -10, 10, -10, 10, 10, -10, 10, -10, -10, ]; -73.9049; [10, 0, 0, 0, 10, -10, -10, 10, 10, 0, -10, -10, -10, 10, 0, 10, 10, 0, -10, -10, 10, ]; -25787.9; [10, 0, 0, 0, 10, -10, 0, 10, 0, 0, -10, -10, -10, -10, -10, 10, -10, 0, -10, -10, 10, ];
0; 0; 0.9; -193.659; 488.022; 84; -55.5586; [10, 0, 0, 0, 10, -10, -10, 10, -10, 0, 10, 10, -10, 10, -10, 10, 10, -10, 0, -10, 0, ]; -74.3769; [-10, 0, 0, 10, 10, -10, -10, 10, 0, 0, 10, -10, -10, 10, 0, 10, 0, 0, -10, -10, -10, ]; -4195.62; [-10, -10, 0, 0, 0, -10, 0, 10, 0, -10, -10, 10, -10, 10, -10, 10, 10, -10, -10, -10, 10, ];
0; 0; 0.9; -325.85; 1288.27; 85; -55.454; [10, 0, -10, 0, 10, -10, -10, 10, 0, 0, 0, -10, -10, 10, 0, 10, 0, -10, 0, -10, 10, ]; -72.4748; [10, 0, 0, 10, 0, -10, -10, 10, -10, 0, 0, 10, -10, 10, -10, 0, 10, 0, -10, -10, 0, ]; -8810.3; [10, 10, 0, 0, 10, -10, -10, 10, 0, 0, -10, -10, -10, -10, 0, -10, 0, -10, -10, -10, 10, ];
0; 0; 0.9; -7049.11; 66853.8; 86; -55.454; [10, 0, -10, 0, 10, -10, -10, 10, 0, 0, 0, -10, -10, 10, 0, 10, 0, -10, 0, -10, 10, ]; -72.9042; [10, 10, 10, 0, 10, -10, -10, 10, 0, -10, -10, -10, -10, 10, -10, 0, 10, -10, -10, -10, -10, ]; -672151; [-10, 10, 0, 0, 0, -10, -10, 0, -10, 0, -10, -10, -10, 10, -10, -10, -10, 0, -10, -10, -10, ];
0; 0; 0.9; -7103.98; 66850.7; 87; -55.454; [10, 0, -10, 0, 10, -10, -10, 10, 0, 0, 0, -10, -10, 10, 0, 10, 0, -10, 0, -10, 10, ]; -73.4867; [10, 10, 0, 0, 10, -10, -10, 10, 0, 0, 0, -10, -10, 10, -10, 10, 0, 0, -10, -10, -10, ]; -672151; [-10, 10, 0, 0, 0, -10, -10, 0, -10, 0, -10, -10, -10, 10, -10, -10, -10, 0, -10, -10, -10, ];
0; 0; 0.9; -6875.25; 66863.3; 88; -53.2361; [10, 0, 10, 0, 0, -10, -10, 10, 0, 0, 10, 10, -10, 10, -10, -10, 0, 0, -10, -10, 0, ]; -71.8372; [10, 0, 10, 0, 10, -10, -10, 10, 0, -10, 10, 10, -10, -10, 0, 10, 10, 0, 0, -10, 0, ]; -672151; [-10, 10, 0, 0, 0, -10, -10, 0, -10, 0, -10, -10, -10, 10, -10, -10, -10, 0, -10, -10, -10, ];
0; 0; 0.9; -5432.69; 52597.9; 89; -53.2361; [10, 0, 10, 0, 0, -10, -10, 10, 0, 0, 10, 10, -10, 10, -10, -10, 0, 0, -10, -10, 0, ]; -72.4299; [10, 0, 10, 0, 10, -10, -10, 10, 0, -10, -10, 10, -10, 10, -10, 10, 10, 0, -10, -10, 10, ]; -528768; [10, 0, 0, 0, -10, -10, -10, 10, 0, 0, -10, 10, -10, -10, -10, 0, -10, 10, -10, -10, -10, ];
0; 0; 0.9; -556.918; 3091.32; 90; -53.4658; [10, 0, -10, 0, 0, -10, 10, -10, 0, 0, -10, -10, 10, -10, -10, 10, 0, 0, 0, -10, 10, ]; -72.6195; [10, 0, -10, 0, 10, -10, -10, 10, 0, 0, -10, -10, -10, 10, -10, 10, 10, -10, -10, -10, 10, ]; -30242.5; [10, -10, 0, 10, 10, -10, 0, 0, 0, -10, -10, -10, -10, 10, 0, 0, -10, 0, -10, -10, 0, ];
0; 0; 0.9; -879.121; 4612.71; 91; -56.6385; [10, 10, 10, 0, 10, -10, 0, 10, 0, -10, -10, 10, -10, 10, 0, 10, 10, 0, -10, -10, 10, ]; -75.6647; [10, 0, 10, 0, 10, -10, 0, 10, 0, 0, -10, -10, -10, 10, -10, 0, 0, 10, -10, -10, 10, ]; -35331.7; [-10, 10, 0, 10, -10, -10, -10, 10, 0, 0, 10, 10, -10, 10, -10, 10, 10, -10, -10, -10, 0, ];
0; 0; 0.9; -1033.03; 4729.3; 92; -56.6385; [10, 10, 10, 0, 10, -10, 0, 10, 0, -10, -10, 10, -10, 10, 0, 10, 10, 0, -10, -10, 10, ]; -74.05; [10, 10, 10, 0, 10, -10, -10, 10, 0, -10, -10, 10, -10, 0, 0, 0, -10, 0, -10, 10, -10, ]; -35329.6; [10, 10, 10, -10, -10, 10, 0, -10, 10, 0, -10, -10, -10, -10, -10, 10, 0, 0, -10, -10, -10, ];
0; 0; 0.9; -950.831; 5085.99; 93; -56.6385; [10, 10, 10, 0, 10, -10, 0, 10, 0, -10, -10, 10, -10, 10, 0, 10, 10, 0, -10, -10, 10, ]; -72.8317; [-10, 0, 0, 10, -10, -10, 0, 0, 0, 0, -10, -10, -10, 10, -10, -10, 0, -10, -10, -10, 10, ]; -41115.1; [10, -10, 0, 0, 10, -10, 0, -10, 0, 0, -10, 10, -10, 0, 10, 10, 0, 0, -10, -10, 10, ];
0; 0; 0.9; -353.611; 1112.97; 94; -59.5126; [10, 10, 0, 0, 10, -10, 0, -10, 0, 0, -10, -10, -10, 10, -10, 0, 0, 0, -10, -10, -10, ]; -74.2365; [10, 0, 10, 0, 10, -10, -10, 10, 0, -10, 10, -10, -10, 10, -10, 0, 0, 0, 0, -10, 10, ]; -8808.83; [10, 0, -10, 0, -10, -10, -10, 0, 0, 0, -10, -10, -10, 10, -10, -10, -0, -10, -10, -10, 10, ];
0; 0; 0.9; -728.987; 4185.56; 95; -55.7639; [10, 10, 0, 10, -10, -10, -10, 10, 0, 0, 10, -10, -10, 10, 0, -10, 0, 0, 0, -10, 10, ]; -72.7034; [10, 0, 0, 10, 10, -10, -10, 10, 0, -10, 0, -10, -10, 10, -10, 10, 0, 0, 0, -10, 0, ]; -41125.5; [10, 0, 10, 0, 10, -10, 0, 0, 0, 0, -10, -10, -10, 10, -10, 0, 0, -10, 0, -10, -10, ];
0; 0; 0.9; -388.662; 1326.88; 96; -61.5076; [-10, 10, 0, 10, 10, -10, 0, 0, -10, 10, -10, -10, -10, 10, -10, 10, -10, 0, -10, -10, -10, ]; -71.8842; [-10, 10, 0, 10, -10, -10, -10, 10, 0, 0, 10, 10, -10, 10, -10, 10, 10, -10, -10, -10, 0, ]; -8809.98; [10, -10, 0, 10, 10, -10, -10, 0, -10, 0, 0, 0, -10, 0, 10, 10, -10, 0, 0, -10, 0, ];
0; 0; 0.9; -8217.42; 75125; 97; -61.5076; [-10, 10, 0, 10, 10, -10, 0, 0, -10, 10, -10, -10, -10, 10, -10, 10, -10, 0, -10, -10, -10, ]; -74.4371; [10, 10, 10, 0, -10, -10, 0, 10, -10, 0, 10, -10, -10, -10, -10, 0, 0, 10, 10, -10, 10, ]; -755176; [-10, -10, 0, 0, -10, -10, -10, 10, 0, -10, 0, 10, -10, -10, 0, 10, 0, -10, -10, -10, -10, ];
0; 0; 0.9; -341.361; 1153.2; 98; -56.4412; [10, 0, 10, 0, 10, -10, -10, 10, 0, -10, -10, 10, -10, 10, -10, 0, 0, -10, 10, 10, -10, ]; -77.4052; [10, 10, 10, 10, 0, -10, 0, -10, 0, 0, 10, -10, -10, -10, 10, 10, 10, -10, 10, 10, 0, ]; -8811.06; [10, -10, 0, 0, 10, -10, 0, 0, 0, -10, -10, 0, -10, 0, 10, 0, -10, 10, -10, -10, 10, ];
0; 0; 0.9; -586.297; 2698.15; 99; -56.4412; [10, 0, 10, 0, 10, -10, -10, 10, 0, -10, -10, 10, -10, 10, -10, 0, 0, -10, 10, 10, -10, ]; -74.4371; [10, 10, 10, 0, -10, -10, 0, 10, -10, 0, 10, -10, -10, -10, -10, 0, 0, 10, 10, -10, 10, ]; -25784.8; [10, 0, 0, 0, 0, -10, 0, 0, 0, -10, -10, -10, -10, -10, -10, 10, 0, -10, -10, -10, -10, ];
0; 0; 0.9; -355.526; 1857.06; 100; -56.4412; [10, 0, 10, 0, 10, -10, -10, 10, 0, -10, -10, 10, -10, 10, -10, 0, 0, -10, 10, 10, -10, ]; -74.2737; [10, 10, 0, 0, -10, -10, -10, 10, 0, 0, 10, 10, -10, 10, -10, 10, 0, -10, 10, 10, 0, ]; -18495.4; [10, 0, -10, 0, 10, -10, -10, -10, 0, 0, -10, 10, -10, -10, -10, 0, 0, -10, -10, -10, 10, ];
0; 0; 0.9; -176.115; 523.417; 101; -56.4412; [10, 0, 10, 0, 10, -10, -10, 10, 0, -10, -10, 10, -10, 10, -10, 0, 0, -10, 10, 10, -10, ]; -73.5638; [10, -10, 10, 0, -10, -10, 0, 10, 0, -10, 0, 10, -10, 10, -10, 0, 0, -10, 10, -10, 0, ]; -5091.59; [-10, 10, 0, 10, -10, -10, 0, 0, 0, 10, -10, -10, -10, 10, -10, 10, -10, 0, -10, -10, -10, ];
0; 0; 0.9; -291.037; 1025.02; 102; -56.4412; [10, 0, 10, 0, 10, -10, -10, 10, 0, -10, -10, 10, -10, 10, -10, 0, 0, -10, 10, 10, -10, ]; -72.2087; [10, 0, 0, 10, 0, -10, -10, -10, 0, 0, 10, 10, -10, -10, 0, -10, 0, -10, -10, -10, -10, ]; -8812.93; [10, -10, 10, 10, 10, -10, -10, 10, 0, 0, -10, 10, -10, 10, -10, 10, 0, -10, 10, -10, 0, ];
0; 0; 0.9; -1219.57; 5530.08; 103; -56.4412; [10, 0, 10, 0, 10, -10, -10, 10, 0, -10, -10, 10, -10, 10, -10, 0, 0, -10, 10, 10, -10, ]; -73.1779; [10, -10, 0, 0, 10, -10, 0, 0, 0, 0, -10, 10, -10, 10, -10, 10, 0, 0, 10, 10, 10, ]; -41111.2; [10, -10, 10, 0, 0, -10, 0, 10, 0, -10, 0, -10, -10, -10, -10, 0, -10, 0, -10, -10, 0, ];
0; 0; 0.9; -262.106; 916.661; 104; -55.1611; [10, 10, 0, 10, 0, -10, -10, 0, 0, 0, -10, 10, -10, 10, -10, 10, 0, -10, 10, 10, 0, ]; -74.8334; [10, 10, 0, 10, 10, -10, -10, 10, -10, 10, -10, -10, -10, 10, -10, 10, 0, 0, -10, -10, 0, ]; -8809.09; [-10, -10, 10, 0, 0, -10, -10, 0, 0, 10, -10, 10, -10, 10, -10, 10, 0, -10, -10, -10, -10, ];
0; 0; 0.9; -387.045; 2560.07; 105; -57.205; [10, -10, 10, 0, -10, -10, 0, 10, 0, -10, 0, 10, -10, 10, -10, 10, 10, -10, -10, -10, 0, ]; -74.3393; [10, -10, 10, 0, 10, 10, 0, -10, -10, -10, -10, -10, -10, 10, 10, 10, 0, -10, 10, 10, -10, ]; -25788.3; [10, 0, 10, 10, 0, -10, -10, 10, 0, -10, 0, 10, -10, 10, -10, 10, 0, -10, -10, -10, 0, ];
0; 0; 0.9; -234.894; 894.506; 106; -57.205; [10, -10, 10, 0, -10, -10, 0, 10, 0, -10, 0, 10, -10, 10, -10, 10, 10, -10, -10, -10, 0, ]; -74.886; [10, 10, 10, 0, 10, -10, 0, 10, 0, -10, 10, 10, -10, -10, -10, 10, 0, -10, -10, 10, -10, ]; -8811.04; [10, -10, 10, 0, -10, -10, -10, -10, 0, 0, 0, 10, 0, 10, 0, -10, 0, -10, -10, -10, 10, ];
0; 0; 0.9; -196.372; 879.187; 107; -57.205; [10, -10, 10, 0, -10, -10, 0, 10, 0, -10, 0, 10, -10, 10, -10, 10, 10, -10, -10, -10, 0, ]; -74.4992; [10, -10, 10, 0, 0, -10, -10, 10, 0, -10, -10, -10, -10, 10, -10, 10, 10, -10, 10, 10, 10, ]; -8811.04; [10, -10, 10, 0, -10, -10, -10, -10, 0, 0, 0, 10, 0, 10, 0, -10, 0, -10, -10, -10, 10, ];
0; 0; 0.9; -3362.68; 21287.2; 108; -51.3115; [10, 0, 10, 0, 0, -10, -10, 0, 0, 10, -10, 10, -10, 10, -10, 10, 0, -10, 10, -10, -10, ]; -72.4387; [10, 10, 10, 0, 0, 10, -10, -10, 0, 10, -10, -10, -10, 10, -10, 10, 10, 0, -10, -10, -10, ]; -178636; [10, 10, 0, 0, 0, -10, -10, 10, -10, 0, 0, -10, -10, 10, -10, 10, -10, 0, -10, -10, -10, ];
0; 0; 0.9; -1527.56; 11888.7; 109; -51.3115; [10, 0, 10, 0, 0, -10, -10, 0, 0, 10, -10, 10, -10, 10, -10, 10, 0, -10, 10, -10, -10, ]; -71.9362; [10, 10, 10, -10, 10, -10, 0, -10, 10, 10, -10, -10, -10, -10, -10, 10, 0, 0, -10, -10, -10, ]; -119229; [10, 10, 10, 0, -10, -10, 0, 10, 0, -10, 0, 10, -10, -10, -10, 10, 0, -10, -10, 10, -10, ];
0; 0; 0.9; -628.333; 4141.13; 110; -54.694; [10, -10, 10, 0, 10, -10, -10, 10, -10, -10, 0, 10, -10, 10, 0, 10, 0, -10, -10, 10, -10, ]; -71.6393; [-10, 10, 0, 10, 10, 10, 0, 0, -10, 10, 10, -10, -10, -10, -10, 10, -10, 0, -10, -10, -10, ]; -41109.9; [10, 10, 10, -10, 0, -10, -10, -10, 10, 0, -10, 10, -10, -10, -10, 10, 0, 0, 10, -10, -10, ];
0; 0; 0.9; -1166.76; 5819.53; 111; -45.447; [10, 0, 10, 0, 10, -10, 0, 0, -10, 10, 0, 10, -10, 10, 0, 10, 0, -10, 10, -10, -10, ]; -72.2581; [10, 0, 10, 10, 10, -10, 0, 10, 0, -10, -10, 10, 0, 10, -10, -10, 0, -10, -10, -10, 10, ]; -41110.9; [10, 10, 0, 0, 0, -10, 0, 0, -10, 10, -10, -10, -10, 10, -10, 10, -10, 0, -10, -10, -10, ];
0; 0; 0.9; -173.172; 521.312; 112; -45.447; [10, 0, 10, 0, 10, -10, 0, 0, -10, 10, 0, 10, -10, 10, 0, 10, 0, -10, 10, -10, -10, ]; -72.9041; [10, 10, 10, 0, 0, -10, 0, 10, 0, 10, 0, -10, -10, -10, -10, 10, -10, -10, 10, 10, -10, ]; -5080.91; [10, 10, 10, 0, -10, 10, -10, 10, 0, -10, 0, -10, -10, 10, -10, 10, 0, -10, 10, 10, -10, ];
0; 0; 0.9; -665.834; 4126.82; 113; -55.3039; [10, 0, 10, 0, 10, -10, -10, 10, 0, 10, 0, -10, -10, 10, 10, 10, 0, -10, -10, 10, -10, ]; -74.0489; [-10, 0, 10, 0, 10, -10, -10, 10, 0, 0, 0, 10, -10, 10, -10, 10, 0, 0, 10, -10, -10, ]; -41111.6; [10, -10, 0, 0, -10, 10, -10, 10, 0, 10, -10, -10, -10, 10, -10, 0, -10, 0, 10, -10, -10, ];
0; 0; 0.9; -676.213; 4187.78; 114; -54.9682; [10, 10, 0, 0, 10, -10, -10, 0, -10, 10, 0, 10, -10, 10, -10, 10, 0, 0, 10, -10, 0, ]; -73.5938; [10, 10, 10, 10, -10, 10, -10, 10, 0, -10, -10, -10, -10, 10, -10, 0, 0, 0, 10, -10, 0, ]; -41111.6; [10, -10, 0, 0, -10, 10, -10, 10, 0, 10, -10, -10, -10, 10, -10, 0, -10, 0, 10, -10, -10, ];
0; 0; 0.9; -326.048; 1059.34; 115; -53.3357; [-10, -10, 0, 0, 10, -10, -10, -10, 0, 10, 0, 10, -10, 10, -10, 10, -10, 0, 10, -10, -10, ]; -73.9832; [10, 0, 0, 0, 10, -10, -10, 10, -10, 10, 0, 10, -10, 10, -10, 10, -10, -10, 10, -10, -10, ]; -6149.22; [10, -10, 0, 0, 0, -10, -10, 10, -10, -10, 0, 10, -10, -10, 0, 10, 0, 0, 10, 10, -10, ];
0; 0; 0.9; -573.122; 3074.73; 116; -54.9682; [10, 10, 0, 0, 10, -10, -10, 0, -10, 10, 0, 10, -10, 10, -10, 10, 0, 0, 10, -10, 0, ]; -75.0852; [-10, 0, 10, -10, 10, 10, 0, 0, -10, 10, 10, -10, 0, 10, 0, 10, 0, -10, -10, -10, -10, ]; -30242.4; [10, -10, 10, 10, 0, -10, 0, 10, -10, -10, 0, -10, -10, -10, -10, 10, -10, -10, 10, 10, -10, ];
0; 0; 0.9; -212.26; 564.203; 117; -54.9682; [10, 10, 0, 0, 10, -10, -10, 0, -10, 10, 0, 10, -10, 10, -10, 10, 0, 0, 10, -10, 0, ]; -74.0489; [-10, 0, 10, 0, 10, -10, -10, 10, 0, 0, 0, 10, -10, 10, -10, 10, 0, 0, 10, -10, -10, ]; -5084.81; [10, 10, 0, 0, 10, -10, -10, -10, 0, 10, -10, -10, -10, -10, -10, 10, 0, 0, 10, -10, -10, ];
0; 0; 0.9; -4009.95; 22674; 118; -42.1549; [10, 10, 0, 0, 10, -10, 0, 0, 0, 10, 0, 10, -10, 10, -10, 10, 10, 0, -10, -10, -10, ]; -74.2779; [-10, -10, 10, 0, 10, 10, -10, 0, -10, 10, -10, -10, -10, 10, -10, 10, 10, -10, 10, -10, 0, ]; -178633; [-10, 0, 0, 0, 10, -10, -10, 0, -10, 10, 0, -10, -10, 10, -10, 10, -10, 0, -10, -10, -10, ];
0; 0; 0.9; -382.169; 1292.54; 119; -42.1549; [10, 10, 0, 0, 10, -10, 0, 0, 0, 10, 0, 10, -10, 10, -10, 10, 10, 0, -10, -10, -10, ]; -74.932; [10, 10, 10, 10, 0, -10, -10, 0, 10, 0, -10, 10, -10, -10, -10, 10, 10, -10, 10, 0, -10, ]; -8810.2; [10, 0, 0, 10, 10, -10, 0, 0, -10, -10, -10, -10, -10, -10, -10, 10, 0, 0, -10, 10, -10, ];
0; 0; 0.9; -246.703; 1038.58; 120; -42.1549; [10, 10, 0, 0, 10, -10, 0, 0, 0, 10, 0, 10, -10, 10, -10, 10, 10, 0, -10, -10, -10, ]; -74.0489; [-10, 0, 10, 0, 10, -10, -10, 10, 0, 0, 0, 10, -10, 10, -10, 10, 0, 0, 10, -10, -10, ]; -8590.2; [10, 10, 10, 0, -10, 0, -10, 10, 0, 10, 0, 0, 10, 10, 10, 0, 10, 10, -10, 10, 0, ];
0; 0; 0.9; -1916.1; 17761.7; 121; -56.5101; [-10, 10, 0, 10, 10, -10, 0, 0, 10, 10, 0, 10, -10, -10, -10, 10, -10, 0, 10, 10, 0, ]; -74.7838; [10, 10, 0, 0, -10, 10, -10, 10, 10, 10, 0, -10, -10, 10, -10, 10, 0, 0, 10, -10, -10, ]; -178634; [-10, 10, 0, 0, 10, -10, -10, 0, -10, 10, -10, 10, -10, -10, -10, 10, -10, 0, 10, -10, 0, ];
0; 0; 0.9; -295.742; 972.251; 122; -58.9954; [-10, 10, 10, -10, 10, 10, 0, 0, 0, 10, 0, -10, -10, 10, -10, 10, 10, -10, 10, -10, -10, ]; -74.7838; [10, 10, 0, 0, -10, 10, -10, 10, 10, 10, 0, -10, -10, 10, -10, 10, 0, 0, 10, -10, -10, ]; -7380.98; [10, 10, 0, 0, 10, -10, -10, 0, 0, 10, -10, -10, -10, 10, 0, 0, -10, 0, 10, -10, 0, ];
0; 0; 0.9; -210.492; 564.03; 123; -61.5076; [-10, 10, 0, 10, 10, -10, 0, 0, -10, 10, -10, -10, -10, 10, -10, 10, -10, 0, -10, -10, -10, ]; -73.976; [10, -10, 10, 0, 10, -10, 0, 10, -10, 10, 0, -10, 10, -10, -10, 0, -10, 10, -10, -10, 0, ]; -5089.9; [-10, -10, 10, 0, -10, -10, -10, 10, 0, 10, 0, -10, -10, 10, -10, 0, -10, -10, -10, 10, -10, ];
0; 0; 0.9; -200.017; 482.396; 124; -58.5246; [10, 0, 10, 0, -10, 10, 0, 0, 0, 10, -10, -10, -10, 10, 10, 0, 0, 0, -10, -10, -10, ]; -74.0489; [-10, 0, 10, 0, 10, -10, -10, 10, 0, 0, 0, 10, -10, 10, -10, 10, 0, 0, 10, -10, -10, ]; -4194.04; [10, -10, 10, 0, 0, -10, -10, 0, -10, -10, 0, -10, -10, -10, 0, 10, 10, 0, 10, -10, -10, ];
0; 0; 0.9; -510.821; 3512.4; 125; -60.3056; [10, 10, 10, 0, -10, 10, 0, 0, 0, 10, -10, 0, 10, 10, -10, 10, -10, 0, 10, -10, -10, ]; -75.0717; [-10, -10, 10, 0, 10, -10, 0, 0, 0, 10, 0, -10, -10, 10, -10, 10, -10, 0, -10, -10, 0, ]; -35329.4; [-10, 10, 10, -10, 10, -10, -10, 10, 0, 10, 0, -10, 0, -10, 0, 10, -10, -10, 10, -10, -10, ];
0; 0; 0.9; -152.998; 301.277; 126; -60.3056; [10, 10, 10, 0, -10, 10, 0, 0, 0, 10, -10, 0, 10, 10, -10, 10, -10, 0, 10, -10, -10, ]; -73.3693; [10, 0, 0, 0, 10, -10, 0, 10, -10, 0, -10, 10, -10, -10, -10, 10, 0, 0, 10, -10, 0, ]; -2261.7; [-10, 10, 10, 10, 10, -10, -10, 10, -10, 10, -10, -10, -10, -10, -10, 10, -10, -10, 10, -10, -10, ];
0; 0; 0.9; -1708.26; 15568.1; 127; -59.1837; [10, 10, 10, 0, -10, 10, -10, 10, 0, 10, -10, -10, -10, 10, -10, 0, 0, 0, 10, -10, -10, ]; -73.6286; [10, -10, 10, -10, 10, -10, 0, 0, -10, 10, 0, -10, -10, -10, -10, 10, -10, -10, 10, 10, -10, ]; -156580; [10, -10, 10, 0, -10, -10, 0, 10, 0, 10, -10, -10, -10, -10, -10, 0, 0, 0, 10, -10, -10, ];
0; 0; 0.9; -139.003; 210.33; 128; -60.695; [-10, -10, 10, 0, 10, -10, -10, 10, 0, 0, 0, -10, -10, 10, -10, 10, 0, 0, 10, 10, 0, ]; -73.5987; [-10, 10, 0, 10, 10, -10, -10, 10, -10, 0, 10, 10, -10, 10, 10, 10, -10, -10, -10, -10, -10, ]; -1688.4; [-10, 0, 10, 10, 10, -10, 0, -10, 0, 10, -10, -10, 10, 0, 0, -10, -10, 0, -10, -10, -10, ];
0; 0; 0.9; -131.647; 204.968; 129; -51.7644; [10, 10, 10, 10, 10, -10, 0, 0, 0, 0, -10, 10, -10, 10, -10, 10, -10, 0, -10, -10, -10, ]; -73.703; [-10, 10, 0, 0, 10, 10, -10, 0, 0, 10, -10, -10, -10, 10, 0, 10, 0, 0, -10, -10, -10, ]; -1161.74; [-10, 10, -10, 10, -10, 0, -10, 10, 0, 10, 10, 0, 10, 10, 10, 0, 10, 10, -10, 10, 0, ];
0; 0; 0.9; -2218.26; 17983.5; 130; -51.7644; [10, 10, 10, 10, 10, -10, 0, 0, 0, 0, -10, 10, -10, 10, -10, 10, -10, 0, -10, -10, -10, ]; -73.2278; [10, 10, 10, 0, -10, -10, -10, 10, 0, 10, -10, -10, -10, 10, 0, 10, 0, 0, -10, -10, -10, ]; -178632; [-10, 10, 10, 0, -10, -10, -10, 10, 0, 10, -10, -10, -10, -10, -10, 10, 0, -10, -10, 10, -10, ];
0; 0; 0.9; -3327.93; 15624.9; 131; -58.1981; [10, 10, 10, 10, -10, -10, 0, -10, 0, 10, -10, -10, -10, 10, -10, 10, -10, 0, 10, -10, -10, ]; -73.3693; [10, 0, 0, 0, 10, -10, 0, 10, -10, 0, -10, 10, -10, -10, -10, 10, 0, 0, 10, -10, 0, ]; -136840; [10, -10, 10, 10, -10, -10, -10, 10, 0, 10, -10, -10, -10, 10, -10, 10, -10, -10, 10, -10, -10, ];
0; 0; 0.9; -2349.55; 14447.6; 132; -56.2; [-10, 10, 10, 10, 10, -10, 0, 0, 0, 10, 10, -10, -10, 10, -10, 10, 0, 0, -10, -10, 0, ]; -72.6778; [10, 10, 10, 0, 10, -10, -10, 0, 10, 0, -10, -10, -10, 10, -10, 10, 0, -10, -10, -10, -10, ]; -136840; [10, -10, 10, 10, -10, -10, -10, 10, 0, 10, -10, -10, -10, 10, -10, 10, -10, -10, 10, -10, -10, ];
0; 0; 0.9; -2677.73; 16968.9; 133; -56.2; [-10, 10, 10, 10, 10, -10, 0, 0, 0, 10, 10, -10, -10, 10, -10, 10, 0, 0, -10, -10, 0, ]; -73.3693; [10, 0, 0, 0, 10, -10, 0, 10, -10, 0, -10, 10, -10, -10, -10, 10, 0, 0, 10, -10, 0, ]; -136840; [10, -10, 10, 10, -10, -10, -10, 10, 0, 10, -10, -10, -10, 10, -10, 10, -10, -10, 10, -10, -10, ];
0; 0; 0.9; -238.241; 626.521; 134; -52.6058; [-10, 10, 10, 0, 10, -10, 0, -10, 10, 10, -10, -10, -10, 10, -10, 10, 0, 0, -10, -10, 0, ]; -74.0489; [-10, 0, 10, 0, 10, -10, -10, 10, 0, 0, 0, 10, -10, 10, -10, 10, 0, 0, 10, -10, -10, ]; -4200.11; [-10, 10, 0, 0, 10, -10, 0, 10, 0, 10, -10, -10, -10, -10, -10, 10, 0, 0, -10, -10, 0, ];
0; 0; 0.9; -2123.41; 17789.1; 135; -50.5391; [10, 10, 10, 0, 10, -10, -10, 0, 10, 10, -10, -10, -10, 10, 0, 10, 0, 0, -10, -10, -10, ]; -72.8736; [10, 10, 0, 10, 10, -10, 0, 0, 10, 10, -10, -10, -10, 10, -10, 10, 0, -10, -10, -10, 0, ]; -178636; [-10, -10, 10, 0, 10, -10, 0, 0, 0, 10, -10, -10, -10, 10, -10, 10, -10, -10, -10, -10, -10, ];
0; 0; 0.9; -696.874; 4189.21; 136; -50.5391; [10, 10, 10, 0, 10, -10, -10, 0, 10, 10, -10, -10, -10, 10, 0, 10, 0, 0, -10, -10, -10, ]; -72.7759; [10, 10, 10, 10, 10, -10, 0, 0, 10, 10, -10, -10, -10, 10, 0, 10, -10, -10, 10, -10, 10, ]; -41109.6; [10, -10, 0, 10, 10, -10, -10, 0, 0, 10, -10, -10, -10, 10, -10, 10, -10, -10, -10, -10, -10, ];
0; 0; 0.9; -430.063; 1442.73; 137; -57.2226; [-10, 10, 0, 0, 10, -10, 0, 10, -10, -10, -10, -10, -10, 10, -10, 10, 0, -10, 10, 10, -10, ]; -73.5551; [10, 10, 10, 10, 0, 10, 0, 10, -10, 10, -10, -10, -10, 10, -10, 10, 0, -10, -10, -10, 0, ]; -8814; [-10, 10, 0, 0, 10, -10, -10, 10, 10, 10, 0, -10, -10, 10, -10, 10, -10, 0, -10, -10, 0, ];
0; 0; 0.9; -863.719; 4331.78; 138; -57.2226; [-10, 10, 0, 0, 10, -10, 0, 10, -10, -10, -10, -10, -10, 10, -10, 10, 0, -10, 10, 10, -10, ]; -74.0489; [-10, 0, 10, 0, 10, -10, -10, 10, 0, 0, 0, 10, -10, 10, -10, 10, 0, 0, 10, -10, -10, ]; -41115; [10, 10, 10, 0, -10, -10, -10, 10, -10, 0, -10, 10, -10, -10, -10, 10, -10, 0, 10, 10, 0, ];
0; 0; 0.9; -259.965; 891.149; 139; -55.5719; [10, 10, 10, 0, 10, -10, -10, -10, 0, 10, -10, -10, -10, 10, -10, 10, 0, -10, 10, -10, -10, ]; -73.1162; [-10, 10, 0, 10, 0, -10, 0, 10, 0, 0, 0, -10, -10, 10, -10, 10, 0, -10, -10, -10, -10, ]; -6144.97; [-10, 10, 10, 10, -10, -10, -10, 10, 0, 10, -10, -10, -10, 10, -10, 10, 0, -10, 10, -10, -10, ];
0; 0; 0.9; -303.73; 1161.06; 140; -55.5719; [10, 10, 10, 0, 10, -10, -10, -10, 0, 10, -10, -10, -10, 10, -10, 10, 0, -10, 10, -10, -10, ]; -74.0489; [-10, 0, 10, 0, 10, -10, -10, 10, 0, 0, 0, 10, -10, 10, -10, 10, 0, 0, 10, -10, -10, ]; -8811.62; [10, 10, 0, 10, 0, -10, -10, 10, -10, 10, -10, -10, -10, -10, -10, 10, 0, 0, -10, -10, -10, ];
0; 0; 0.9; -579.692; 4096.64; 141; -55.5719; [10, 10, 10, 0, 10, -10, -10, -10, 0, 10, -10, -10, -10, 10, -10, 10, 0, -10, 10, -10, -10, ]; -72.7677; [10, -10, 0, 10, 10, -10, 0, 10, 10, 10, 0, -10, -10, -10, 10, 10, -10, 0, 10, 10, -10, ]; -41101.3; [10, 10, 10, 10, 10, -10, 0, 0, -10, 10, -10, -10, -10, 10, -10, 10, 0, 0, -10, -10, -10, ];
0; 0; 0.9; -1829.25; 6751.61; 142; -55.5719; [10, 10, 10, 0, 10, -10, -10, -10, 0, 10, -10, -10, -10, 10, -10, 10, 0, -10, 10, -10, -10, ]; -74.741; [-10, -10, 0, 0, 10, -10, 0, -10, 0, 10, -10, -10, -10, 10, 10, 10, 0, 0, 10, 10, -10, ]; -35331.8; [10, -10, 0, 0, 10, -10, 0, 10, -10, 0, -10, -10, -10, 10, -10, 10, -10, -10, 10, -10, -10, ];
0; 0; 0.9; -898.124; 4096.48; 143; -52.9201; [10, 0, 0, 10, 10, -10, -10, -10, 0, 0, -10, -10, 0, 10, 0, -10, 0, -10, 10, -10, -10, ]; -73.7459; [-10, 10, 0, 10, 10, -10, 0, 0, 0, 10, -10, -10, -10, 10, -10, 10, 0, 0, -10, -10, -10, ]; -35331.8; [10, -10, 0, 0, 10, -10, 0, 10, -10, 0, -10, -10, -10, 10, -10, 10, -10, -10, 10, -10, -10, ];
0; 0; 0.9; -418.283; 2600.23; 144; -52.9201; [10, 0, 0, 10, 10, -10, -10, -10, 0, 0, -10, -10, 0, 10, 0, -10, 0, -10, 10, -10, -10, ]; -73.42; [10, 10, 10, 0, 10, -10, -10, 0, 0, 10, 0, -10, -10, -10, -10, 10, -10, 0, 10, 10, -10, ]; -25783.1; [10, -10, 0, 0, 10, -10, -10, -10, 0, 0, 0, -10, -10, 10, -10, 10, 0, -10, 10, -10, -10, ];
0; 0; 0.9; -1152.5; 5523.08; 145; -52.9201; [10, 0, 0, 10, 10, -10, -10, -10, 0, 0, -10, -10, 0, 10, 0, -10, 0, -10, 10, -10, -10, ]; -73.9012; [10, -10, 10, 10, 10, -10, -10, 10, 0, 0, 0, -10, -10, -10, -10, 10, -10, -10, -10, 10, -10, ]; -41115.6; [-10, 0, 0, 10, 10, -10, 0, 10, -10, 0, -10, -10, -10, 10, -10, 10, -10, 0, -10, -10, 0, ];
0; 0; 0.9; -366.218; 1108.1; 146; -52.9201; [10, 0, 0, 10, 10, -10, -10, -10, 0, 0, -10, -10, 0, 10, 0, -10, 0, -10, 10, -10, -10, ]; -72.4234; [10, -10, 10, 10, 0, -10, -10, 10, 0, 10, 10, -10, -10, 10, 0, 10, 0, 0, 10, -10, -10, ]; -7382.06; [-10, 10, 0, 10, -10, 10, 0, 10, -10, 10, -10, -10, -10, 10, -10, 10, -10, 0, -10, -10, -10, ];
0; 0; 0.9; -783.394; 4207.24; 147; -52.9201; [10, 0, 0, 10, 10, -10, -10, -10, 0, 0, -10, -10, 0, 10, 0, -10, 0, -10, 10, -10, -10, ]; -73.2873; [10, -10, 10, 10, 10, -10, -10, -10, 0, 10, -10, -10, -10, -10, -10, 10, -10, 0, -10, -10, -10, ]; -41111.1; [-10, 0, 0, 10, 10, -10, -10, 0, 10, 10, -10, -10, -10, -10, -10, 0, -10, -10, -10, -10, -10, ];
0; 0; 0.9; -281.665; 713.253; 148; -49.2303; [10, 0, 10, 10, 10, -10, -10, -10, 0, 10, 10, -10, 0, 10, 0, -10, 0, -10, 10, -10, 10, ]; -73.3556; [-10, 0, 0, 10, 10, -10, -10, 10, 0, 0, 10, -10, 0, 10, 0, -10, 0, -10, -10, -10, 10, ]; -5091.16; [10, -10, 10, 0, 0, -10, -10, 10, 0, -10, 0, 10, -10, -10, -10, 10, -10, -10, -10, 10, -10, ];
0; 0; 0.9; -302.982; 1068.97; 149; -49.2303; [10, 0, 10, 10, 10, -10, -10, -10, 0, 10, 10, -10, 0, 10, 0, -10, 0, -10, 10, -10, 10, ]; -74.0489; [-10, 0, 10, 0, 10, -10, -10, 10, 0, 0, 0, 10, -10, 10, -10, 10, 0, 0, 10, -10, -10, ]; -8815.1; [10, 10, 0, 0, 0, -10, -10, 10, 0, 0, 0, -10, -10, -10, -10, 10, 0, -10, 10, -10, -10, ];
0; 0; 0.9; -171.781; 391.95; 150; -50.9127; [10, 0, 10, 10, 10, -10, -10, 10, 0, 10, 0, -10, -10, 10, 0, 10, 0, -10, 10, -10, -10, ]; -71.8971; [10, -10, 0, 0, 0, -10, -10, -10, 0, -10, 0, 10, 0, 10, 0, 10, 0, -10, 10, 10, -10, ]; -3437.68; [10, 0, 0, 10, 0, -10, -10, -10, 0, 10, 10, -10, 0, 10, -10, -10, 0, -10, -10, -10, 10, ];
0; 0; 0.9; -253.277; 949.478; 151; -48.806; [10, 0, 0, 0, 0, -10, -10, -10, 0, 10, 10, -10, 0, 10, -10, 0, 0, -10, 10, -10, -10, ]; -71.1491; [10, -10, 10, 0, 0, -10, -10, 10, 0, -10, 0, 10, -10, -10, 0, 10, 0, -10, 10, 10, -10, ]; -8809.97; [-10, -10, 0, 0, 10, -10, -10, -10, 10, 10, -10, -10, -10, 10, -10, 10, 0, 0, 10, -10, -10, ];
0; 0; 0.9; -466.625; 1637.84; 152; -48.806; [10, 0, 0, 0, 0, -10, -10, -10, 0, 10, 10, -10, 0, 10, -10, 0, 0, -10, 10, -10, -10, ]; -71.6791; [10, 0, 10, 10, 10, -10, -10, 10, 0, 0, 10, 10, -10, -10, 0, 10, 0, -10, 10, -10, -10, ]; -13014.7; [-10, -10, 10, 10, 0, -10, -10, 10, -10, 10, 10, -10, -10, -10, 0, 10, 0, -10, 10, -10, -10, ];
0; 0; 0.9; -293.074; 890.02; 153; -50.9127; [10, 0, 10, 10, 10, -10, -10, 10, 0, 10, 0, -10, -10, 10, 0, 10, 0, -10, 10, -10, -10, ]; -71.763; [-10, -10, 10, 0, 10, -10, -10, -10, 0, 10, -10, -10, -10, 10, 0, 10, -10, 0, 10, -10, -10, ]; -6144.8; [10, -10, 10, 0, 10, -10, 0, 10, 0, 10, -10, -10, -10, -10, -10, 0, -10, -10, 10, 10, -10, ];
0; 0; 0.9; -545.806; 1668.33; 154; -50.9127; [10, 0, 10, 10, 10, -10, -10, 10, 0, 10, 0, -10, -10, 10, 0, 10, 0, -10, 10, -10, -10, ]; -72.3301; [10, 0, 0, 10, 10, -10, 0, 10, 0, 10, 0, -10, -10, 10, -10, 0, 0, 0, -10, -10, 10, ]; -8810.85; [-10, -10, 10, 0, 10, -10, -10, -10, 0, 10, -10, -10, -10, 10, -10, 10, 0, 0, 10, -10, -10, ];
0; 0; 0.9; -1410.27; 11854.7; 155; -58.0934; [10, 10, 0, 10, -10, -10, 0, 10, 0, 10, 0, 0, -10, 0, -10, 0, -10, -10, -10, -10, -10, ]; -72.0022; [-10, 10, 10, 0, 10, -10, -10, 10, 0, 10, -10, 10, -10, 10, -10, 10, -10, 0, -10, -10, -10, ]; -119224; [-10, -10, 10, 0, 10, -10, -10, -10, 0, 10, -10, -10, -10, -10, -10, 10, 0, -10, 10, -10, 10, ];
0; 0; 0.9; -318.509; 1172.2; 156; -57.4747; [10, 10, 0, 0, 10, -10, -10, 10, -10, 10, -10, -10, -10, 10, -10, 10, 0, -10, 10, -10, -10, ]; -72.7236; [-10, 10, 0, 10, 10, -10, 0, 0, -10, 10, -10, -10, -10, 10, -10, 10, 0, 0, -10, -10, -10, ]; -8810.4; [-10, 10, 0, 0, 10, -10, -10, -10, -10, 10, -10, -10, -10, 10, -10, 10, -10, 0, -10, -10, -10, ];
0; 0; 0.9; -156.437; 347.653; 157; -58.0934; [10, 10, 0, 10, -10, -10, 0, 10, 0, 10, 0, 0, -10, 0, -10, 0, -10, -10, -10, -10, -10, ]; -71.7389; [10, -10, 0, 10, 0, -10, -10, -10, -10, 0, -10, -10, -10, 10, 0, 10, 0, -10, 10, -10, -10, ]; -2794.65; [-10, -10, 0, 10, 10, -10, 0, 10, -10, 10, -10, -10, -10, 10, -10, 10, -10, 0, -10, -10, -10, ];
0; 0; 0.9; -142.675; 242.899; 158; -58.0934; [10, 10, 0, 10, -10, -10, 0, 10, 0, 10, 0, 0, -10, 0, -10, 0, -10, -10, -10, -10, -10, ]; -71.4586; [-10, 10, 10, 10, 0, -10, 0, 10, 0, -10, -10, -10, -10, 0, 0, 10, 0, 0, 10, -10, -10, ]; -1686.19; [10, -10, 10, 10, 10, -10, 0, -10, -10, 0, -10, -10, -10, 10, -10, 10, -10, 0, 10, -10, -10, ];
0; 0; 0.9; -1905.98; 17762.6; 159; -47.7427; [10, 10, 0, 10, 10, -10, 0, 0, -10, 10, -10, -10, 0, 10, -10, 10, 0, 0, 10, -10, -10, ]; -71.4586; [-10, 10, 10, 10, 0, -10, 0, 10, 0, -10, -10, -10, -10, 0, 0, 10, 0, 0, 10, -10, -10, ]; -178631; [10, 10, 0, 10, 10, -10, 0, -10, -10, 10, -10, -10, -10, 10, -10, 0, -10, 0, -10, -10, -10, ];
0; 0; 0.9; -119.674; 163.795; 160; -47.7427; [10, 10, 0, 10, 10, -10, 0, 0, -10, 10, -10, -10, 0, 10, -10, 10, 0, 0, 10, -10, -10, ]; -72.5209; [-10, 0, 10, 10, 10, -10, -10, 0, -10, 10, -10, -10, -10, 10, 0, 10, 0, 0, 10, -10, -10, ]; -1161.74; [-10, 10, -10, 10, -10, 0, -10, 10, 0, 10, 10, 0, 10, 10, 10, 0, 10, 10, -10, 10, 0, ];
0; 0; 0.9; -2031.93; 17772.6; 161; -60.0853; [-10, -10, 0, 0, 10, -10, -10, 10, 0, 10, 0, -10, -10, 10, 0, 10, 0, -10, 10, -10, -10, ]; -72.6334; [-10, 10, 0, 10, 10, -10, 0, -10, -10, 0, -10, -10, -10, 10, -10, 10, -10, -10, 10, -10, -10, ]; -178636; [10, -10, 0, 10, 10, -10, 0, -10, -10, 0, -10, -10, 0, 10, -10, 0, -10, 0, 10, -10, -10, ];
0; 0; 0.9; -1175.64; 4951.66; 162; -60.0853; [-10, -10, 0, 0, 10, -10, -10, 10, 0, 10, 0, -10, -10, 10, 0, 10, 0, -10, 10, -10, -10, ]; -73.05; [-10, 10, 10, 10, 10, -10, -10, 0, -10, 10, -10, -10, 0, 10, -10, 0, 0, 0, 10, -10, -10, ]; -41111.5; [-10, 0, 10, 10, -10, -10, -10, -10, 0, 10, -10, -10, -10, 10, -10, 10, -10, -10, 10, -10, -10, ];
0; 0; 0.9; -203.715; 620.651; 163; -60.0853; [-10, -10, 0, 0, 10, -10, -10, 10, 0, 10, 0, -10, -10, 10, 0, 10, 0, -10, 10, -10, -10, ]; -72.0656; [-10, 0, 10, 0, 10, -10, -10, -10, 0, 10, -10, -10, -10, 0, 0, 10, 0, 0, 10, -10, -10, ]; -5082.96; [-10, 10, 0, 10, 10, -10, 0, 0, -10, 10, -10, -10, -10, 10, -10, 10, -10, 0, -10, -10, -10, ];
0; 0; 0.9; -210.062; 580.29; 164; -49.4377; [10, 0, 10, 10, 0, -10, -10, 0, -10, 10, -10, -10, -10, 10, -10, 0, 0, 0, 10, -10, -10, ]; -72.0066; [-10, 0, 0, 10, 0, -10, -10, 10, 10, 10, -10, -10, 0, -10, -10, 10, 0, -10, 10, -10, -10, ]; -5092.68; [-10, 0, 10, 0, 10, -10, -10, -10, 0, 10, -10, -10, -10, 10, -10, 10, -10, -10, -10, -10, -10, ];
0; 0; 0.9; -566.146; 4120.78; 165; -49.4377; [10, 0, 10, 10, 0, -10, -10, 0, -10, 10, -10, -10, -10, 10, -10, 0, 0, 0, 10, -10, -10, ]; -71.6805; [-10, -10, 10, 0, 10, 10, 0, 0, -10, 10, -10, -10, -10, 10, -10, 10, 0, 0, 10, -10, -10, ]; -41111.4; [-10, -10, 10, 0, -10, -10, -10, 10, 0, 10, -10, -10, -10, 10, 0, 10, -10, -10, -10, -10, -10, ];
0; 0; 0.9; -2053.16; 17789.9; 166; -49.4377; [10, 0, 10, 10, 0, -10, -10, 0, -10, 10, -10, -10, -10, 10, -10, 0, 0, 0, 10, -10, -10, ]; -70.7368; [-10, -10, 10, 0, 10, -10, -10, 10, 0, 10, -10, -10, -10, 0, 0, 0, 0, 0, 10, -10, -10, ]; -178640; [-10, 10, 0, 10, 10, -10, 0, 0, 0, 10, -10, -10, -10, 10, 0, 10, -10, 0, 10, -10, -10, ];
0; 0; 0.9; -2411.47; 17990.5; 167; -49.4377; [10, 0, 10, 10, 0, -10, -10, 0, -10, 10, -10, -10, -10, 10, -10, 0, 0, 0, 10, -10, -10, ]; -73.4664; [-10, 0, 10, 10, 10, -10, -10, 0, 0, 10, 0, -10, -10, 0, -10, 10, 0, -10, 10, -10, -10, ]; -178640; [-10, 10, 0, 10, 10, -10, 0, 0, 0, 10, -10, -10, -10, 10, 0, 10, -10, 0, 10, -10, -10, ];
0; 0; 0.9; -177.64; 633.378; 168; -49.4377; [10, 0, 10, 10, 0, -10, -10, 0, -10, 10, -10, -10, -10, 10, -10, 0, 0, 0, 10, -10, -10, ]; -71.0791; [-10, 10, 10, 10, 10, -10, -10, 10, -10, 10, -10, -10, -10, 10, 0, 10, 0, -10, 10, -10, -10, ]; -6147.26; [-10, 10, 0, 0, 10, -10, 0, -10, -10, 0, 10, -10, -10, 10, 0, 10, -10, 0, 10, -10, -10, ];
0; 0; 0.9; -122.97; 186.821; 169; -58.512; [10, 10, 10, 0, 0, -10, 0, 10, 0, 10, 0, 10, -10, -10, -10, 10, 0, -10, 10, -10, -10, ]; -71.0786; [10, -10, 10, 0, 10, -10, -10, 10, 0, 0, -10, -10, -10, 10, -10, 10, 0, 0, 10, -10, -10, ]; -1161.74; [-10, 10, -10, 10, -10, 0, -10, 10, 0, 10, 10, 0, 10, 10, 10, 0, 10, 10, -10, 10, 0, ];
0; 0; 0.9; -436.334; 2582.23; 170; -58.512; [10, 10, 10, 0, 0, -10, 0, 10, 0, 10, 0, 10, -10, -10, -10, 10, 0, -10, 10, -10, -10, ]; -72.0247; [-10, -10, 0, 0, 0, -10, 0, 10, -10, 10, -10, -10, 10, 0, 0, 0, 0, 0, 10, -10, -10, ]; -25784.5; [10, 10, 0, 0, 0, -10, -10, 10, -10, 10, -10, -10, -10, 10, -10, 10, 0, -10, -10, -10, -10, ];
0; 0; 0.9; -157.861; 269.609; 171; -56.9991; [10, 0, 10, -10, 0, 10, 0, -10, 10, 10, -10, 10, 0, 10, 0, 10, 0, 0, 10, -10, -10, ]; -73.5061; [-10, -10, 10, 0, 10, -10, -10, 10, -10, 10, -10, -10, -10, 0, -10, 10, 0, -10, 10, -10, -10, ]; -1671.68; [-10, 10, 10, 10, 0, -10, 0, 10, -10, 10, -10, -10, -10, 10, -10, 10, 0, -10, 10, -10, -10, ];
0; 0; 0.9; -2487.51; 18189.2; 172; -50.276; [10, 10, 10, 0, 10, -10, 0, 10, -10, 10, -10, 10, -10, 10, 0, 10, 0, -10, 10, -10, -10, ]; -73.9457; [10, -10, 10, 10, 10, -10, -10, 10, -10, 10, -10, -10, -10, 10, 0, 10, 0, -10, 10, -10, -10, ]; -178634; [-10, -10, 10, 0, 0, -10, -10, 10, -10, 0, 0, -10, -10, 10, -10, 10, 0, -10, 10, -10, -10, ];
0; 0; 0.9; -3015.04; 18231.8; 173; -59.2035; [-10, -10, 0, 10, 10, -10, -10, 10, -10, 10, -10, -10, 0, 10, 0, 0, 0, -10, 10, -10, -10, ]; -73.7438; [-10, -10, 0, 0, 10, -10, 0, 10, -10, 10, -10, -10, 10, 0, 0, 0, 0, 0, 10, -10, -10, ]; -178634; [-10, -10, 10, 0, 0, -10, -10, 10, -10, 0, 0, -10, -10, 10, -10, 10, 0, -10, 10, -10, -10, ];
0; 0; 0.9; -2356.51; 17879; 174; -61.5076; [-10, 10, 0, 10, 10, -10, 0, 0, -10, 10, -10, -10, -10, 10, -10, 10, -10, 0, -10, -10, -10, ]; -73.7042; [-10, 10, 0, 10, 10, -10, 0, 0, -10, 10, -10, -10, -10, 10, 0, 10, 0, -10, 10, -10, -10, ]; -178633; [-10, 0, 0, 10, -10, -10, -10, 10, -10, 0, -10, 10, -10, -10, 0, 10, 0, -10, 10, -10, -10, ];
0; 0; 0.9; -147.97; 366.199; 175; -57.8015; [10, 10, 0, 10, 10, -10, -10, 10, -10, 10, -10, -10, -10, 10, -10, 0, 0, 0, 10, -10, -10, ]; -71.3697; [10, 10, 10, 0, -10, 10, 0, 10, -10, 10, -10, -10, -10, 10, -10, 10, 0, 0, 10, -10, -10, ]; -3434.35; [10, -10, 10, 0, 10, -10, -10, 10, 0, 10, -10, -10, -10, 0, -10, 10, -10, -10, 10, -10, -10, ];
0; 0; 0.9; -154.313; 386.065; 176; -57.8015; [10, 10, 0, 10, 10, -10, -10, 10, -10, 10, -10, -10, -10, 10, -10, 0, 0, 0, 10, -10, -10, ]; -71.1491; [10, -10, 10, 0, 0, -10, -10, 10, 0, -10, 0, 10, -10, -10, 0, 10, 0, -10, 10, 10, -10, ]; -3438.39; [-10, -10, 10, 10, 10, -10, -10, 0, 0, 10, -10, -10, -10, 10, 0, 10, -10, 0, 10, -10, -10, ];
0; 0; 0.9; -303.13; 1018.17; 177; -48.9558; [10, 0, 10, 0, 10, -10, 0, 0, 0, 10, -10, -10, -10, 10, -10, 0, 0, 0, 10, -10, -10, ]; -71.1466; [10, -10, 10, 0, 0, -10, 0, 10, 0, 0, -10, -10, -10, 10, 0, 10, 0, -10, 10, -10, -10, ]; -7374.23; [-10, -10, 10, 0, 0, -10, -10, 10, -10, 0, -10, -10, -10, 0, 0, 10, 0, 0, 10, -10, -10, ];
0; 0; 0.9; -514.862; 2653.89; 178; -48.9558; [10, 0, 10, 0, 10, -10, 0, 0, 0, 10, -10, -10, -10, 10, -10, 0, 0, 0, 10, -10, -10, ]; -71.8975; [10, 10, 10, 0, 10, -10, 0, 10, -10, 10, -10, 10, -10, 10, 0, 10, -10, -10, 10, -10, -10, ]; -25785.9; [10, -10, 10, 0, 0, -10, 0, 10, -10, 10, -10, -10, 0, 0, 0, 10, 0, 0, 10, -10, -10, ];
0; 0; 0.9; -2527.89; 18004.4; 179; -57.5413; [10, 10, 10, 10, 0, -10, -10, 10, 10, 10, 10, -10, -10, 10, 10, 10, 0, -10, 10, -10, -10, ]; -70.3835; [10, -10, 10, 0, 10, -10, 0, 0, -10, 0, -10, -10, -10, 0, 0, 10, 0, -10, 10, -10, -10, ]; -178633; [10, -10, 10, 0, 0, -10, -10, 10, -10, -10, 0, 10, -10, -10, 0, 10, 0, -10, 10, 10, -10, ];
0; 0; 0.9; -152.123; 261.092; 180; -56.2833; [-10, 10, 10, 0, 10, -10, -10, 10, 10, 10, -10, -10, -10, 10, 0, 10, 0, -10, 10, -10, -10, ]; -71.1491; [10, -10, 10, 0, 0, -10, -10, 10, 0, -10, 0, 10, -10, -10, 0, 10, 0, -10, 10, 10, -10, ]; -1682.01; [10, -10, 0, 0, 10, -10, 0, 0, 0, -10, -10, -10, -10, 0, -10, 10, -10, 0, -10, -10, -10, ];
0; 0; 0.9; -9391.11; 75731; 181; -58.9753; [-10, 10, 0, 10, 0, 10, 0, 0, 0, 10, -10, -10, -10, 10, 0, 10, 0, 0, -10, -10, -10, ]; -72.8876; [10, -10, 10, 0, 10, -10, -10, 10, -10, 10, -10, -10, -10, 10, -10, 10, 0, -10, 10, -10, -10, ]; -755179; [10, -10, 10, 0, 10, -10, 0, 0, 0, 10, -10, -10, -10, -10, -10, 10, 0, 0, 10, -10, -10, ];
0; 0; 0.9; -1139.22; 5509.92; 182; -55.5735; [-10, 10, 0, 10, 10, -10, -10, 0, 10, 10, 10, -10, -10, 10, 0, 0, 0, -10, 10, -10, -10, ]; -74.5008; [-10, 10, 10, 0, 10, -10, -10, 10, -10, 0, -10, -10, -10, 10, 0, 10, 0, 0, 10, -10, -10, ]; -41112; [10, -10, 10, 0, -10, -10, 0, 10, -10, 10, -10, -10, -10, -10, -10, 10, 0, -10, 10, -10, -10, ];
0; 0; 0.9; -201.502; 350.456; 183; -48.7222; [10, -10, 10, 0, 10, -10, 0, 0, 0, 10, 10, 10, -10, 0, 0, 10, 0, -10, 10, 0, -10, ]; -74.3684; [10, -10, 0, 0, 10, -10, -10, 0, 0, 10, -10, -10, -10, 10, -10, 10, 0, 0, 10, -10, -10, ]; -1689.71; [-10, 10, 0, 0, 10, 10, 0, 10, -10, 10, -10, -10, -10, 10, -10, 0, -10, 0, -10, -10, -10, ];
0; 0; 0.9; -221.733; 856.876; 184; -49.1494; [10, -10, 10, 0, 10, 10, 0, -10, -10, 0, -10, 10, 0, 10, 0, 10, 0, -10, 10, -10, -10, ]; -72.6751; [-10, 10, 0, 10, 10, 10, 0, 0, 0, 10, -10, -10, -10, 10, -10, 0, 10, 0, -10, -10, -10, ]; -6143.57; [-10, -10, 0, 0, 10, -10, -10, 0, 0, 10, -10, -10, -10, 10, -10, 0, -10, 0, 10, -10, -10, ];
0; 0; 0.9; -189.886; 628.263; 185; -46.3324; [10, -10, 10, 10, 10, 10, 0, -10, -10, 0, -10, -10, 0, 10, 0, 10, 0, -10, 10, -10, -10, ]; -70.7481; [-10, 10, 10, 0, 0, -10, 0, 0, -10, 10, -10, -10, -10, 10, -10, 10, 0, 0, 10, -10, -10, ]; -6139.88; [10, -10, 0, 0, 10, 10, 0, 0, 10, 10, -10, -10, -10, -10, -10, 10, -10, -10, 10, -10, -10, ];
0; 0; 0.9; -467.354; 2089.51; 186; -46.3324; [10, -10, 10, 10, 10, 10, 0, -10, -10, 0, -10, -10, 0, 10, 0, 10, 0, -10, 10, -10, -10, ]; -71.4751; [10, -10, 10, -10, -10, 10, -10, -10, 10, 0, -10, -10, -10, 10, 0, 0, 0, 0, 10, -10, -10, ]; -18494.2; [-10, 10, 0, 10, 10, -10, 0, 0, -10, 10, -10, -10, -10, 10, -10, 10, -10, 0, -10, -10, -10, ];
0; 0; 0.9; -290.716; 1004.43; 187; -51.8276; [10, 10, 10, 0, 10, -10, 0, 0, -10, 10, -10, -10, -10, 10, 0, 10, 0, -10, 10, -10, -10, ]; -71.4751; [10, -10, 10, -10, -10, 10, -10, -10, 10, 0, -10, -10, -10, 10, 0, 0, 0, 0, 10, -10, -10, ]; -7376.19; [-10, 10, 0, 10, 10, -10, 0, 0, -10, 10, -10, -10, -10, 10, -10, 10, -10, 0, -10, -10, -10, ];
0; 0; 0.9; -900.509; 3566.25; 188; -51.8276; [10, 10, 10, 0, 10, -10, 0, 0, -10, 10, -10, -10, -10, 10, 0, 10, 0, -10, 10, -10, -10, ]; -71.5654; [10, -10, 10, 0, 10, -10, 0, 0, 0, 10, -10, -10, -10, 0, 0, 10, 0, -10, 10, -10, -10, ]; -30242.8; [-10, 10, 10, 10, -10, -10, 0, 0, 0, 10, -10, -10, -10, 10, 0, 10, 0, -10, -10, -10, -10, ];
0; 0; 0.9; -548.669; 3062.19; 189; -59.2107; [10, 10, 0, 0, 10, -10, 0, -10, -10, 10, -10, -10, -10, 10, -10, 10, 0, -10, -10, -10, -10, ]; -71.4751; [10, -10, 10, -10, -10, 10, -10, -10, 10, 0, -10, -10, -10, 10, 0, 0, 0, 0, 10, -10, -10, ]; -30242.8; [-10, 10, 10, 10, -10, -10, 0, 0, 0, 10, -10, -10, -10, 10, 0, 10, 0, -10, -10, -10, -10, ];
0; 0; 0.9; -467.042; 3007.5; 190; -59.2107; [10, 10, 0, 0, 10, -10, 0, -10, -10, 10, -10, -10, -10, 10, -10, 10, 0, -10, -10, -10, -10, ]; -71.7119; [10, 10, 0, 0, 0, -10, 0, 0, 0, 10, 10, -10, -10, 10, -10, 10, -10, 0, -10, -10, 10, ]; -30242.8; [-10, 10, 10, 10, -10, -10, 0, 0, 0, 10, -10, -10, -10, 10, 0, 10, 0, -10, -10, -10, -10, ];
0; 0; 0.9; -2236.41; 17872.5; 191; -42.2055; [10, -10, 10, 0, 0, -10, 0, 10, 10, 10, -10, -10, -10, 10, 0, 10, 0, -10, 10, -10, -10, ]; -71.0261; [-10, 10, 0, 10, 10, 10, 0, 0, 0, 10, -10, -10, -10, 10, -10, 10, -10, 0, -10, -10, -10, ]; -178633; [-10, -10, 0, 0, 10, -10, 0, 0, 0, 10, -10, 0, -10, 0, -10, 10, -10, 0, -10, -10, -10, ];
0; 0; 0.9; -267.659; 841.227; 192; -42.2055; [10, -10, 10, 0, 0, -10, 0, 10, 10, 10, -10, -10, -10, 10, 0, 10, 0, -10, 10, -10, -10, ]; -73.4652; [10, 10, 10, 0, 10, -10, -10, 10, 0, 10, -10, -10, -10, 0, -10, 10, 0, -10, 10, -10, -10, ]; -6146.13; [-10, -10, 10, 10, 10, -10, 0, 0, -10, 10, -10, -10, -10, 10, -10, 10, -10, 0, 10, -10, -10, ];
0; 0; 0.9; -394.019; 1304.55; 193; -42.2055; [10, -10, 10, 0, 0, -10, 0, 10, 10, 10, -10, -10, -10, 10, 0, 10, 0, -10, 10, -10, -10, ]; -73.2124; [10, 0, 10, 0, 0, -10, -10, -10, -10, 0, -10, -10, 0, 10, 0, 10, 0, -10, 10, -10, 10, ]; -8811.55; [10, 10, 10, 0, 10, -10, -10, 0, 0, 10, 10, -10, -10, 10, -10, 10, 0, -10, -10, -10, -10, ];
0; 0; 0.9; -849.67; 4803.53; 194; -42.2055; [10, -10, 10, 0, 0, -10, 0, 10, 10, 10, -10, -10, -10, 10, 0, 10, 0, -10, 10, -10, -10, ]; -72.5511; [-10, 10, 0, 0, 10, -10, 0, 0, 0, 10, -10, -10, -10, -10, -10, 10, -10, 0, -10, -10, -10, ]; -41114.1; [10, -10, 10, 0, 0, -10, -10, 0, 0, 10, 10, -10, 0, -10, -10, 10, 0, -10, -10, -10, -10, ];
0; 0; 0.9; -183.167; 362.869; 195; -42.0657; [10, 10, 0, 0, 10, 10, 0, 0, -10, 10, -10, -10, -10, 10, 0, 10, -10, 10, 10, -10, -10, ]; -72.7397; [10, -10, 10, 10, 10, -10, 0, 0, -10, 10, -10, -10, -10, 10, 0, 10, 0, 10, 10, -10, -10, ]; -2797.5; [10, -10, 0, 0, 0, -10, -10, 0, 10, 10, -10, -10, -10, 0, -10, 10, 0, -10, -10, -10, -10, ];
0; 0; 0.9; -193.652; 596.278; 196; -42.0657; [10, 10, 0, 0, 10, 10, 0, 0, -10, 10, -10, -10, -10, 10, 0, 10, -10, 10, 10, -10, -10, ]; -72.2839; [10, 10, 10, 0, 10, -10, 0, 0, -10, 10, -10, -10, -10, 10, -10, 10, -10, 10, 10, -10, -10, ]; -5093.65; [-10, 10, 10, 0, 10, -10, 0, 0, -10, 10, -10, -10, -10, 10, -10, 10, -10, 10, 10, -10, -10, ];
0; 0; 0.9; -219.355; 662.106; 197; -42.0657; [10, 10, 0, 0, 10, 10, 0, 0, -10, 10, -10, -10, -10, 10, 0, 10, -10, 10, 10, -10, -10, ]; -71.3168; [10, 0, 10, 0, 10, -10, -10, 10, -10, 10, -10, -10, -10, 10, -10, 10, -10, 10, 10, -10, -10, ]; -6148.16; [-10, 10, 10, 0, 10, -10, 0, 0, -10, 10, -10, -10, -10, 10, -10, 10, -10, 0, -10, -10, -10, ];
0; 0; 0.9; -565.562; 2293; 198; -42.2055; [10, -10, 10, 0, 0, -10, 0, 10, 10, 10, -10, -10, -10, 10, 0, 10, 0, -10, 10, -10, -10, ]; -71.1491; [10, -10, 10, 0, 0, -10, -10, 10, 0, -10, 0, 10, -10, -10, 0, 10, 0, -10, 10, 10, -10, ]; -18492.2; [-10, 10, 0, 0, 10, -10, 0, -10, -10, 10, -10, -10, -10, 10, -10, 10, -10, -10, -10, -10, -10, ];
0; 0; 0.9; -325.849; 1122.03; 199; -42.2055; [10, -10, 10, 0, 0, -10, 0, 10, 10, 10, -10, -10, -10, 10, 0, 10, 0, -10, 10, -10, -10, ]; -71.8665; [10, 10, 10, 0, 0, -10, 0, 10, -10, 10, -10, -10, -10, 10, -10, 10, -10, -10, 10, -10, -10, ]; -8810.33; [-10, 10, 0, 0, 10, -10, 0, -10, -10, 10, -10, -10, -10, 10, -10, 10, -10, 0, -10, -10, -10, ];
