-86.2233
-61.136
-67.9575
-75.8527
-1359.75
-60.8023
-64.8952
-63.6634
-203.993
-55.9168
-73.6155
-67.0997
-201.62
-67.0823
-72.8824
-80.3411
-61.195
-65.4559
-72.9647
-7375.13
-56.3581
-92.1724
-65.2487
-75.358
-71.8464
-71.9673
-335.529
-63.3256
-199.625
-246.577
-63.052
-56.1893
-74.4502
-64.7421
-895.533
-70.7539
-76.3272
-74.5356
-706.28
-86.5354
-75.9362
-77.1693
-68.4881
-51.9485
-73.7463
-35.3683
-102.103
-117.524
-65.7791
-886.916
-65.7359
-58.1149
-77.4357
-80.3666
-79.498
-97.3452
-80.0751
-76.5591
-63.2473
-61.935
-75.1777
-71.1315
-869.405
-78.2881
-58.4961
-63.2153
-551.713
-84.5711
-72.7269
-64.9826
-69.442
-78.3145
-154.793
-1343.85
-67.4473
-81.9618
-8790.15
-73.1826
-75.1804
-62.5859
-63.0299
-53.2082
-144.897
-53.9715
-51.9521
-111.499
-109.382
-75.173
-55.6697
-73.0558
-8805.66
-76.2304
-87.6809
-876.346
-48.7741
-64.4543
-66.5491
-61.8432
-76.6103
-78.665
