-708.634
-2228.25
-1444.21
-2659.17
-2660.77
-975.48
-1654.85
-266.074
-403.103
-1204.76
-150.792
-974.66
-966.271
-2552.09
-324.884
-124.527
-2147.82
-404.5
-3375.71
-574.178
-1181.22
-1184.47
-1186.87
-575.495
-172.193
-788.159
-302.759
-98.3737
-495.015
-108.004
-359.447
-304.756
-1700.3
-1971.85
-632.579
-2152.36
-1307.26
-640.661
-3121.88
-360.768
-449.305
-451.866
-311.676
-132.304
-127.923
-1548.2
-874.931
-2660.02
-403.022
-323.005
-198.987
-880.872
-363.324
-503.572
-112.816
-359.463
-876.437
-1550.82
-189.595
-195.082
-1304.61
-2037.66
-321.678
-248.293
-640.677
-790.88
-969.038
-2144.35
-2342.43
-1076.65
-1311.62
-2772.69
-793.597
-1068.46
-5165.56
-2342.99
-135.167
-190.23
-1412.4
-275.903
-1974.75
-563.2
-1543.78
-5451.53
-1408.11
-2549.7
-568.394
-86.4147
-205.084
-363.42
-2433.58
-311.68
-1442.13
-634.361
-977.038
-449.645
-1700.56
-1177.16
-388.747
-1183.41
