-78.0832
-65.2333
-69.281
-85.214
-69.7727
-568.056
-71.9153
-73.4505
-97.824
-93.5825
-68.1266
-75.9004
-74.2188
-74.7732
-71.0104
-68.1293
-67.2451
-87.0003
-72.4561
-70.7773
-70.0884
-65.8002
-893.9
-167.815
-82.9791
-70.2091
-72.8366
-1678.86
-70.0179
-94.7372
-84.6876
-71.8464
-75.2029
-203.638
-71.4198
-80.8033
-205.926
-72.2672
-79.4013
-72.0688
-1695.53
-66.8503
-199.917
-307.006
-77.0167
-76.2436
-71.4206
-72.53
-70.6939
-72.271
-81.3868
-71.839
-74.1943
-86.1669
-71.6429
-73.6847
-80.1257
-157.467
-71.3296
-56.8162
-71.0546
-71.3577
-69.9601
-74.7574
-72.0348
-75.608
-68.8768
-72.2457
-72.2995
-76.1424
-70.7066
-93.7293
-72.4767
-72.2777
-83.9292
-121.791
-75.7462
-73.1294
-74.8033
-252.606
-75.1757
-78.4478
-70.9339
-1688.99
-69.9156
-79.0141
-71.3419
-84.3802
-70.0269
-3432.31
-47.6756
-251.175
-68.1419
-80.5211
-73.9322
-57.2426
-72.4313
-85.0423
